 0.0000	  0.0003	 -0.0000
 0.0078	  0.0004	 -0.0000
 0.0156	  0.0006	  0.0000
 0.0234	  0.0007	  0.0000
 0.0312	  0.0008	  0.0000
 0.0391	  0.0009	  0.0000
 0.0469	  0.0010	  0.0000
 0.0547	  0.0010	  0.0000
 0.0625	  0.0011	  0.0000
 0.0703	  0.0011	  0.0000
 0.0781	  0.0012	  0.0000
 0.0859	  0.0012	  0.0000
 0.0938	  0.0012	  0.0000
 0.1016	  0.0012	  0.0000
 0.1094	  0.0012	  0.0000
 0.1172	  0.0012	  0.0000
 0.1250	  0.0012	  0.0000
 0.1328	  0.0012	  0.0000
 0.1406	  0.0012	  0.0000
 0.1484	  0.0012	  0.0000
 0.1562	  0.0011	  0.0000
 0.1641	  0.0011	  0.0000
 0.1719	  0.0010	  0.0000
 0.1797	  0.0009	  0.0000
 0.1875	  0.0009	  0.0000
 0.1953	  0.0008	 -0.0000
 0.2031	  0.0007	 -0.0000
 0.2109	  0.0006	 -0.0000
 0.2188	  0.0005	 -0.0000
 0.2266	  0.0004	 -0.0000
 0.2344	  0.0003	 -0.0000
 0.2422	  0.0002	 -0.0000
 0.2500	  0.0001	 -0.0000
 0.2578	  0.0000	 -0.0000
 0.2656	 -0.0001	 -0.0000
 0.2734	 -0.0002	 -0.0000
 0.2812	 -0.0002	 -0.0000
 0.2891	 -0.0003	 -0.0000
 0.2969	 -0.0004	 -0.0000
 0.3047	 -0.0005	 -0.0000
 0.3125	 -0.0005	 -0.0000
 0.3203	 -0.0006	 -0.0000
 0.3281	 -0.0006	 -0.0000
 0.3359	 -0.0007	 -0.0000
 0.3438	 -0.0007	 -0.0000
 0.3516	 -0.0008	 -0.0000
 0.3594	 -0.0008	 -0.0000
 0.3672	 -0.0008	 -0.0000
 0.3750	 -0.0008	 -0.0000
 0.3828	 -0.0008	 -0.0000
 0.3906	 -0.0008	 -0.0000
 0.3984	 -0.0008	 -0.0000
 0.4062	 -0.0008	 -0.0000
 0.4141	 -0.0007	 -0.0000
 0.4219	 -0.0007	  0.0000
 0.4297	 -0.0007	  0.0000
 0.4375	 -0.0006	  0.0000
 0.4453	 -0.0006	  0.0000
 0.4531	 -0.0005	  0.0000
 0.4609	 -0.0005	  0.0000
 0.4688	 -0.0004	  0.0000
 0.4766	 -0.0004	  0.0000
 0.4844	 -0.0003	  0.0000
 0.4922	 -0.0003	  0.0000
 0.5000	 -0.0002	  0.0000
 0.5078	 -0.0002	  0.0000
 0.5156	 -0.0001	  0.0000
 0.5234	 -0.0001	  0.0000
 0.5312	 -0.0001	  0.0000
 0.5391	 -0.0000	  0.0000
 0.5469	 -0.0000	  0.0000
 0.5547	  0.0000	  0.0000
 0.5625	  0.0000	  0.0000
 0.5703	  0.0000	  0.0000
 0.5781	  0.0000	  0.0000
 0.5859	  0.0001	  0.0000
 0.5938	  0.0001	  0.0000
 0.6016	  0.0001	  0.0000
 0.6094	  0.0000	  0.0000
 0.6172	  0.0000	  0.0000
 0.6250	  0.0000	 -0.0000
 0.6328	  0.0000	 -0.0000
 0.6406	 -0.0000	 -0.0000
 0.6484	 -0.0000	 -0.0000
 0.6562	 -0.0001	 -0.0000
 0.6641	 -0.0001	 -0.0001
 0.6719	 -0.0001	 -0.0001
 0.6797	 -0.0002	 -0.0001
 0.6875	 -0.0002	 -0.0001
 0.6953	 -0.0002	 -0.0001
 0.7031	 -0.0003	 -0.0001
 0.7109	 -0.0003	 -0.0001
 0.7188	 -0.0004	 -0.0001
 0.7266	 -0.0004	 -0.0001
 0.7344	 -0.0004	 -0.0001
 0.7422	 -0.0004	 -0.0001
 0.7500	 -0.0005	 -0.0001
 0.7578	 -0.0005	 -0.0002
 0.7656	 -0.0005	 -0.0002
 0.7734	 -0.0005	 -0.0002
 0.7812	 -0.0005	 -0.0002
 0.7891	 -0.0005	 -0.0002
 0.7969	 -0.0005	 -0.0002
 0.8047	 -0.0005	 -0.0001
 0.8125	 -0.0005	 -0.0001
 0.8203	 -0.0005	 -0.0001
 0.8281	 -0.0005	 -0.0001
 0.8359	 -0.0005	 -0.0001
 0.8438	 -0.0005	 -0.0001
 0.8516	 -0.0004	 -0.0000
 0.8594	 -0.0004	 -0.0000
 0.8672	 -0.0004	 -0.0000
 0.8750	 -0.0003	  0.0000
 0.8828	 -0.0003	  0.0000
 0.8906	 -0.0002	  0.0001
 0.8984	 -0.0002	  0.0001
 0.9062	 -0.0001	  0.0001
 0.9141	 -0.0001	  0.0001
 0.9219	 -0.0000	  0.0001
 0.9297	  0.0000	  0.0001
 0.9375	  0.0001	  0.0001
 0.9453	  0.0001	  0.0001
 0.9531	  0.0002	  0.0001
 0.9609	  0.0002	  0.0001
 0.9688	  0.0003	  0.0001
 0.9766	  0.0003	  0.0001
 0.9844	  0.0004	  0.0001
 0.9922	  0.0004	  0.0001
 1.0000	  0.0005	  0.0001
 1.0078	  0.0005	  0.0001
 1.0156	  0.0006	  0.0001
 1.0234	  0.0006	  0.0001
 1.0312	  0.0007	  0.0001
 1.0391	  0.0007	  0.0000
 1.0469	  0.0007	  0.0000
 1.0547	  0.0007	 -0.0000
 1.0625	  0.0008	 -0.0000
 1.0703	  0.0008	 -0.0001
 1.0781	  0.0008	 -0.0001
 1.0859	  0.0008	 -0.0001
 1.0938	  0.0008	 -0.0002
 1.1016	  0.0007	 -0.0002
 1.1094	  0.0007	 -0.0002
 1.1172	  0.0007	 -0.0003
 1.1250	  0.0007	 -0.0003
 1.1328	  0.0006	 -0.0003
 1.1406	  0.0006	 -0.0003
 1.1484	  0.0006	 -0.0004
 1.1562	  0.0005	 -0.0004
 1.1641	  0.0005	 -0.0004
 1.1719	  0.0004	 -0.0004
 1.1797	  0.0004	 -0.0004
 1.1875	  0.0004	 -0.0004
 1.1953	  0.0003	 -0.0004
 1.2031	  0.0003	 -0.0004
 1.2109	  0.0002	 -0.0004
 1.2188	  0.0001	 -0.0004
 1.2266	  0.0001	 -0.0004
 1.2344	  0.0000	 -0.0004
 1.2422	 -0.0000	 -0.0003
 1.2500	 -0.0001	 -0.0003
 1.2578	 -0.0001	 -0.0003
 1.2656	 -0.0002	 -0.0003
 1.2734	 -0.0002	 -0.0003
 1.2812	 -0.0003	 -0.0002
 1.2891	 -0.0003	 -0.0002
 1.2969	 -0.0003	 -0.0002
 1.3047	 -0.0004	 -0.0001
 1.3125	 -0.0004	 -0.0001
 1.3203	 -0.0004	 -0.0000
 1.3281	 -0.0004	  0.0000
 1.3359	 -0.0004	  0.0001
 1.3438	 -0.0004	  0.0001
 1.3516	 -0.0004	  0.0001
 1.3594	 -0.0004	  0.0002
 1.3672	 -0.0004	  0.0002
 1.3750	 -0.0004	  0.0003
 1.3828	 -0.0004	  0.0003
 1.3906	 -0.0005	  0.0003
 1.3984	 -0.0005	  0.0003
 1.4062	 -0.0005	  0.0004
 1.4141	 -0.0005	  0.0004
 1.4219	 -0.0005	  0.0004
 1.4297	 -0.0005	  0.0004
 1.4375	 -0.0005	  0.0004
 1.4453	 -0.0005	  0.0004
 1.4531	 -0.0006	  0.0005
 1.4609	 -0.0006	  0.0005
 1.4688	 -0.0006	  0.0005
 1.4766	 -0.0006	  0.0005
 1.4844	 -0.0006	  0.0005
 1.4922	 -0.0007	  0.0004
 1.5000	 -0.0007	  0.0004
 1.5078	 -0.0007	  0.0004
 1.5156	 -0.0007	  0.0004
 1.5234	 -0.0008	  0.0003
 1.5312	 -0.0008	  0.0003
 1.5391	 -0.0008	  0.0002
 1.5469	 -0.0008	  0.0002
 1.5547	 -0.0008	  0.0001
 1.5625	 -0.0008	  0.0000
 1.5703	 -0.0008	 -0.0000
 1.5781	 -0.0008	 -0.0001
 1.5859	 -0.0007	 -0.0002
 1.5938	 -0.0007	 -0.0002
 1.6016	 -0.0007	 -0.0003
 1.6094	 -0.0007	 -0.0004
 1.6172	 -0.0006	 -0.0004
 1.6250	 -0.0006	 -0.0005
 1.6328	 -0.0005	 -0.0005
 1.6406	 -0.0005	 -0.0006
 1.6484	 -0.0004	 -0.0006
 1.6562	 -0.0003	 -0.0007
 1.6641	 -0.0003	 -0.0007
 1.6719	 -0.0002	 -0.0007
 1.6797	 -0.0001	 -0.0008
 1.6875	 -0.0000	 -0.0008
 1.6953	  0.0001	 -0.0008
 1.7031	  0.0002	 -0.0008
 1.7109	  0.0002	 -0.0008
 1.7188	  0.0003	 -0.0008
 1.7266	  0.0004	 -0.0008
 1.7344	  0.0005	 -0.0008
 1.7422	  0.0005	 -0.0007
 1.7500	  0.0006	 -0.0007
 1.7578	  0.0007	 -0.0006
 1.7656	  0.0007	 -0.0006
 1.7734	  0.0008	 -0.0005
 1.7812	  0.0008	 -0.0004
 1.7891	  0.0008	 -0.0003
 1.7969	  0.0009	 -0.0002
 1.8047	  0.0009	 -0.0002
 1.8125	  0.0009	 -0.0001
 1.8203	  0.0009	  0.0000
 1.8281	  0.0009	  0.0001
 1.8359	  0.0009	  0.0002
 1.8438	  0.0009	  0.0003
 1.8516	  0.0009	  0.0003
 1.8594	  0.0009	  0.0004
 1.8672	  0.0008	  0.0005
 1.8750	  0.0008	  0.0005
 1.8828	  0.0008	  0.0005
 1.8906	  0.0007	  0.0006
 1.8984	  0.0007	  0.0006
 1.9062	  0.0006	  0.0006
 1.9141	  0.0006	  0.0006
 1.9219	  0.0005	  0.0006
 1.9297	  0.0005	  0.0006
 1.9375	  0.0004	  0.0006
 1.9453	  0.0004	  0.0006
 1.9531	  0.0003	  0.0005
 1.9609	  0.0002	  0.0005
 1.9688	  0.0002	  0.0004
 1.9766	  0.0001	  0.0004
 1.9844	  0.0000	  0.0003
 1.9922	 -0.0000	  0.0003
 2.0000	 -0.0001	  0.0002
 2.0078	 -0.0002	  0.0001
 2.0156	 -0.0002	  0.0000
 2.0234	 -0.0003	 -0.0001
 2.0312	 -0.0003	 -0.0002
 2.0391	 -0.0004	 -0.0003
 2.0469	 -0.0004	 -0.0003
 2.0547	 -0.0004	 -0.0004
 2.0625	 -0.0005	 -0.0005
 2.0703	 -0.0005	 -0.0006
 2.0781	 -0.0005	 -0.0007
 2.0859	 -0.0005	 -0.0008
 2.0938	 -0.0006	 -0.0009
 2.1016	 -0.0006	 -0.0009
 2.1094	 -0.0006	 -0.0010
 2.1172	 -0.0006	 -0.0010
 2.1250	 -0.0006	 -0.0011
 2.1328	 -0.0006	 -0.0011
 2.1406	 -0.0006	 -0.0012
 2.1484	 -0.0006	 -0.0012
 2.1562	 -0.0006	 -0.0013
 2.1641	 -0.0005	 -0.0013
 2.1719	 -0.0005	 -0.0013
 2.1797	 -0.0005	 -0.0014
 2.1875	 -0.0005	 -0.0014
 2.1953	 -0.0004	 -0.0014
 2.2031	 -0.0004	 -0.0014
 2.2109	 -0.0004	 -0.0014
 2.2188	 -0.0004	 -0.0014
 2.2266	 -0.0003	 -0.0014
 2.2344	 -0.0003	 -0.0013
 2.2422	 -0.0003	 -0.0013
 2.2500	 -0.0002	 -0.0012
 2.2578	 -0.0002	 -0.0011
 2.2656	 -0.0002	 -0.0010
 2.2734	 -0.0001	 -0.0009
 2.2812	 -0.0001	 -0.0008
 2.2891	 -0.0001	 -0.0007
 2.2969	 -0.0001	 -0.0006
 2.3047	 -0.0001	 -0.0004
 2.3125	 -0.0001	 -0.0003
 2.3203	 -0.0001	 -0.0002
 2.3281	 -0.0001	 -0.0000
 2.3359	 -0.0001	  0.0001
 2.3438	 -0.0001	  0.0003
 2.3516	 -0.0001	  0.0004
 2.3594	 -0.0001	  0.0006
 2.3672	 -0.0001	  0.0007
 2.3750	 -0.0001	  0.0008
 2.3828	 -0.0001	  0.0009
 2.3906	 -0.0001	  0.0010
 2.3984	 -0.0001	  0.0011
 2.4062	 -0.0001	  0.0012
 2.4141	 -0.0001	  0.0013
 2.4219	 -0.0001	  0.0013
 2.4297	 -0.0001	  0.0014
 2.4375	 -0.0002	  0.0014
 2.4453	 -0.0002	  0.0014
 2.4531	 -0.0002	  0.0014
 2.4609	 -0.0001	  0.0014
 2.4688	 -0.0001	  0.0014
 2.4766	 -0.0001	  0.0013
 2.4844	 -0.0001	  0.0013
 2.4922	 -0.0001	  0.0012
 2.5000	 -0.0000	  0.0011
 2.5078	 -0.0000	  0.0009
 2.5156	  0.0000	  0.0008
 2.5234	  0.0001	  0.0006
 2.5312	  0.0001	  0.0005
 2.5391	  0.0001	  0.0003
 2.5469	  0.0002	  0.0001
 2.5547	  0.0002	 -0.0000
 2.5625	  0.0003	 -0.0002
 2.5703	  0.0003	 -0.0004
 2.5781	  0.0003	 -0.0005
 2.5859	  0.0004	 -0.0007
 2.5938	  0.0004	 -0.0008
 2.6016	  0.0005	 -0.0010
 2.6094	  0.0005	 -0.0011
 2.6172	  0.0005	 -0.0012
 2.6250	  0.0005	 -0.0013
 2.6328	  0.0006	 -0.0014
 2.6406	  0.0006	 -0.0015
 2.6484	  0.0006	 -0.0016
 2.6562	  0.0006	 -0.0016
 2.6641	  0.0006	 -0.0017
 2.6719	  0.0006	 -0.0017
 2.6797	  0.0005	 -0.0017
 2.6875	  0.0005	 -0.0017
 2.6953	  0.0005	 -0.0017
 2.7031	  0.0005	 -0.0017
 2.7109	  0.0004	 -0.0017
 2.7188	  0.0004	 -0.0016
 2.7266	  0.0003	 -0.0016
 2.7344	  0.0003	 -0.0015
 2.7422	  0.0002	 -0.0014
 2.7500	  0.0002	 -0.0014
 2.7578	  0.0001	 -0.0012
 2.7656	  0.0000	 -0.0011
 2.7734	 -0.0000	 -0.0010
 2.7812	 -0.0001	 -0.0009
 2.7891	 -0.0002	 -0.0007
 2.7969	 -0.0002	 -0.0006
 2.8047	 -0.0003	 -0.0004
 2.8125	 -0.0003	 -0.0003
 2.8203	 -0.0004	 -0.0001
 2.8281	 -0.0005	  0.0000
 2.8359	 -0.0005	  0.0002
 2.8438	 -0.0005	  0.0003
 2.8516	 -0.0006	  0.0005
 2.8594	 -0.0006	  0.0006
 2.8672	 -0.0006	  0.0008
 2.8750	 -0.0006	  0.0009
 2.8828	 -0.0007	  0.0010
 2.8906	 -0.0007	  0.0012
 2.8984	 -0.0007	  0.0013
 2.9062	 -0.0007	  0.0014
 2.9141	 -0.0007	  0.0015
 2.9219	 -0.0007	  0.0016
 2.9297	 -0.0007	  0.0016
 2.9375	 -0.0006	  0.0017
 2.9453	 -0.0006	  0.0017
 2.9531	 -0.0006	  0.0017
 2.9609	 -0.0006	  0.0017
 2.9688	 -0.0006	  0.0017
 2.9766	 -0.0005	  0.0017
 2.9844	 -0.0005	  0.0016
 2.9922	 -0.0005	  0.0015
 3.0000	 -0.0005	  0.0014
 3.0078	 -0.0004	  0.0013
 3.0156	 -0.0004	  0.0011
 3.0234	 -0.0004	  0.0010
 3.0312	 -0.0003	  0.0008
 3.0391	 -0.0003	  0.0006
 3.0469	 -0.0003	  0.0004
 3.0547	 -0.0002	  0.0002
 3.0625	 -0.0002	  0.0000
 3.0703	 -0.0001	 -0.0002
 3.0781	 -0.0001	 -0.0004
 3.0859	 -0.0001	 -0.0005
 3.0938	 -0.0000	 -0.0007
 3.1016	 -0.0000	 -0.0009
 3.1094	  0.0000	 -0.0011
 3.1172	  0.0001	 -0.0012
 3.1250	  0.0001	 -0.0014
 3.1328	  0.0001	 -0.0015
 3.1406	  0.0002	 -0.0016
 3.1484	  0.0002	 -0.0017
 3.1562	  0.0003	 -0.0018
 3.1641	  0.0003	 -0.0019
 3.1719	  0.0004	 -0.0019
 3.1797	  0.0004	 -0.0020
 3.1875	  0.0004	 -0.0020
 3.1953	  0.0005	 -0.0020
 3.2031	  0.0005	 -0.0020
 3.2109	  0.0006	 -0.0020
 3.2188	  0.0006	 -0.0020
 3.2266	  0.0007	 -0.0019
 3.2344	  0.0007	 -0.0019
 3.2422	  0.0007	 -0.0018
 3.2500	  0.0007	 -0.0018
 3.2578	  0.0008	 -0.0017
 3.2656	  0.0008	 -0.0016
 3.2734	  0.0008	 -0.0015
 3.2812	  0.0008	 -0.0015
 3.2891	  0.0008	 -0.0014
 3.2969	  0.0008	 -0.0013
 3.3047	  0.0008	 -0.0012
 3.3125	  0.0008	 -0.0011
 3.3203	  0.0008	 -0.0010
 3.3281	  0.0008	 -0.0009
 3.3359	  0.0007	 -0.0008
 3.3438	  0.0007	 -0.0007
 3.3516	  0.0007	 -0.0006
 3.3594	  0.0006	 -0.0005
 3.3672	  0.0006	 -0.0005
 3.3750	  0.0005	 -0.0004
 3.3828	  0.0004	 -0.0004
 3.3906	  0.0004	 -0.0003
 3.3984	  0.0003	 -0.0002
 3.4062	  0.0002	 -0.0002
 3.4141	  0.0002	 -0.0001
 3.4219	  0.0001	 -0.0001
 3.4297	  0.0000	 -0.0000
 3.4375	 -0.0000	  0.0001
 3.4453	 -0.0001	  0.0001
 3.4531	 -0.0002	  0.0002
 3.4609	 -0.0002	  0.0003
 3.4688	 -0.0003	  0.0004
 3.4766	 -0.0004	  0.0005
 3.4844	 -0.0004	  0.0005
 3.4922	 -0.0005	  0.0006
 3.5000	 -0.0005	  0.0006
 3.5078	 -0.0006	  0.0007
 3.5156	 -0.0006	  0.0007
 3.5234	 -0.0007	  0.0007
 3.5312	 -0.0007	  0.0008
 3.5391	 -0.0007	  0.0008
 3.5469	 -0.0007	  0.0007
 3.5547	 -0.0007	  0.0007
 3.5625	 -0.0007	  0.0007
 3.5703	 -0.0008	  0.0007
 3.5781	 -0.0007	  0.0007
 3.5859	 -0.0007	  0.0006
 3.5938	 -0.0007	  0.0006
 3.6016	 -0.0007	  0.0006
 3.6094	 -0.0007	  0.0005
 3.6172	 -0.0007	  0.0005
 3.6250	 -0.0007	  0.0004
 3.6328	 -0.0006	  0.0004
 3.6406	 -0.0006	  0.0003
 3.6484	 -0.0006	  0.0002
 3.6562	 -0.0006	  0.0001
 3.6641	 -0.0005	  0.0001
 3.6719	 -0.0005	 -0.0001
 3.6797	 -0.0005	 -0.0002
 3.6875	 -0.0004	 -0.0003
 3.6953	 -0.0004	 -0.0004
 3.7031	 -0.0003	 -0.0005
 3.7109	 -0.0003	 -0.0006
 3.7188	 -0.0003	 -0.0007
 3.7266	 -0.0002	 -0.0008
 3.7344	 -0.0002	 -0.0009
 3.7422	 -0.0002	 -0.0010
 3.7500	 -0.0001	 -0.0010
 3.7578	 -0.0001	 -0.0010
 3.7656	 -0.0001	 -0.0011
 3.7734	 -0.0001	 -0.0010
 3.7812	 -0.0000	 -0.0010
 3.7891	  0.0000	 -0.0010
 3.7969	  0.0000	 -0.0010
 3.8047	  0.0001	 -0.0009
 3.8125	  0.0001	 -0.0008
 3.8203	  0.0001	 -0.0007
 3.8281	  0.0002	 -0.0007
 3.8359	  0.0002	 -0.0006
 3.8438	  0.0002	 -0.0005
 3.8516	  0.0003	 -0.0004
 3.8594	  0.0003	 -0.0002
 3.8672	  0.0003	 -0.0001
 3.8750	  0.0004	  0.0000
 3.8828	  0.0004	  0.0002
 3.8906	  0.0004	  0.0003
 3.8984	  0.0004	  0.0005
 3.9062	  0.0005	  0.0006
 3.9141	  0.0005	  0.0008
 3.9219	  0.0005	  0.0009
 3.9297	  0.0005	  0.0011
 3.9375	  0.0006	  0.0012
 3.9453	  0.0006	  0.0014
 3.9531	  0.0006	  0.0015
 3.9609	  0.0006	  0.0017
 3.9688	  0.0006	  0.0018
 3.9766	  0.0006	  0.0019
 3.9844	  0.0006	  0.0019
 3.9922	  0.0007	  0.0020
 4.0000	  0.0007	  0.0020
 4.0078	  0.0007	  0.0020
 4.0156	  0.0007	  0.0020
 4.0234	  0.0007	  0.0020
 4.0312	  0.0006	  0.0019
 4.0391	  0.0006	  0.0019
 4.0469	  0.0006	  0.0018
 4.0547	  0.0006	  0.0017
 4.0625	  0.0006	  0.0016
 4.0703	  0.0006	  0.0015
 4.0781	  0.0005	  0.0013
 4.0859	  0.0005	  0.0012
 4.0938	  0.0005	  0.0010
 4.1016	  0.0005	  0.0009
 4.1094	  0.0004	  0.0007
 4.1172	  0.0004	  0.0005
 4.1250	  0.0004	  0.0004
 4.1328	  0.0003	  0.0002
 4.1406	  0.0003	 -0.0000
 4.1484	  0.0002	 -0.0002
 4.1562	  0.0002	 -0.0004
 4.1641	  0.0001	 -0.0006
 4.1719	  0.0001	 -0.0007
 4.1797	  0.0000	 -0.0009
 4.1875	 -0.0000	 -0.0011
 4.1953	 -0.0001	 -0.0012
 4.2031	 -0.0001	 -0.0014
 4.2109	 -0.0002	 -0.0015
 4.2188	 -0.0002	 -0.0017
 4.2266	 -0.0003	 -0.0018
 4.2344	 -0.0003	 -0.0019
 4.2422	 -0.0004	 -0.0020
 4.2500	 -0.0004	 -0.0020
 4.2578	 -0.0004	 -0.0021
 4.2656	 -0.0005	 -0.0022
 4.2734	 -0.0005	 -0.0022
 4.2812	 -0.0005	 -0.0023
 4.2891	 -0.0006	 -0.0023
 4.2969	 -0.0006	 -0.0023
 4.3047	 -0.0006	 -0.0023
 4.3125	 -0.0007	 -0.0023
 4.3203	 -0.0007	 -0.0023
 4.3281	 -0.0007	 -0.0023
 4.3359	 -0.0007	 -0.0022
 4.3438	 -0.0008	 -0.0022
 4.3516	 -0.0008	 -0.0021
 4.3594	 -0.0008	 -0.0021
 4.3672	 -0.0008	 -0.0020
 4.3750	 -0.0008	 -0.0019
 4.3828	 -0.0008	 -0.0019
 4.3906	 -0.0008	 -0.0018
 4.3984	 -0.0008	 -0.0017
 4.4062	 -0.0008	 -0.0016
 4.4141	 -0.0007	 -0.0015
 4.4219	 -0.0007	 -0.0014
 4.4297	 -0.0007	 -0.0013
 4.4375	 -0.0007	 -0.0012
 4.4453	 -0.0006	 -0.0011
 4.4531	 -0.0006	 -0.0010
 4.4609	 -0.0005	 -0.0009
 4.4688	 -0.0005	 -0.0007
 4.4766	 -0.0004	 -0.0006
 4.4844	 -0.0004	 -0.0004
 4.4922	 -0.0003	 -0.0003
 4.5000	 -0.0003	 -0.0001
 4.5078	 -0.0002	  0.0000
 4.5156	 -0.0001	  0.0002
 4.5234	 -0.0000	  0.0003
 4.5312	  0.0000	  0.0004
 4.5391	  0.0001	  0.0006
 4.5469	  0.0002	  0.0007
 4.5547	  0.0002	  0.0008
 4.5625	  0.0003	  0.0009
 4.5703	  0.0004	  0.0010
 4.5781	  0.0004	  0.0010
 4.5859	  0.0005	  0.0011
 4.5938	  0.0006	  0.0012
 4.6016	  0.0006	  0.0012
 4.6094	  0.0007	  0.0012
 4.6172	  0.0007	  0.0012
 4.6250	  0.0008	  0.0013
 4.6328	  0.0008	  0.0013
 4.6406	  0.0009	  0.0012
 4.6484	  0.0009	  0.0012
 4.6562	  0.0009	  0.0012
 4.6641	  0.0009	  0.0012
 4.6719	  0.0009	  0.0011
 4.6797	  0.0010	  0.0011
 4.6875	  0.0009	  0.0010
 4.6953	  0.0009	  0.0009
 4.7031	  0.0009	  0.0009
 4.7109	  0.0009	  0.0008
 4.7188	  0.0009	  0.0006
 4.7266	  0.0008	  0.0005
 4.7344	  0.0008	  0.0004
 4.7422	  0.0008	  0.0003
 4.7500	  0.0007	  0.0001
 4.7578	  0.0007	 -0.0000
 4.7656	  0.0006	 -0.0002
 4.7734	  0.0005	 -0.0003
 4.7812	  0.0005	 -0.0004
 4.7891	  0.0004	 -0.0005
 4.7969	  0.0003	 -0.0006
 4.8047	  0.0003	 -0.0007
 4.8125	  0.0002	 -0.0008
 4.8203	  0.0001	 -0.0008
 4.8281	  0.0001	 -0.0009
 4.8359	  0.0000	 -0.0009
 4.8438	 -0.0001	 -0.0009
 4.8516	 -0.0001	 -0.0009
 4.8594	 -0.0002	 -0.0009
 4.8672	 -0.0002	 -0.0009
 4.8750	 -0.0003	 -0.0009
 4.8828	 -0.0003	 -0.0009
 4.8906	 -0.0004	 -0.0009
 4.8984	 -0.0004	 -0.0008
 4.9062	 -0.0004	 -0.0008
 4.9141	 -0.0004	 -0.0008
 4.9219	 -0.0004	 -0.0008
 4.9297	 -0.0005	 -0.0007
 4.9375	 -0.0005	 -0.0007
 4.9453	 -0.0005	 -0.0006
 4.9531	 -0.0005	 -0.0005
 4.9609	 -0.0005	 -0.0004
 4.9688	 -0.0004	 -0.0003
 4.9766	 -0.0004	 -0.0002
 4.9844	 -0.0004	 -0.0000
 4.9922	 -0.0004	  0.0001
 5.0000	 -0.0004	  0.0003
 5.0078	 -0.0003	  0.0005
 5.0156	 -0.0003	  0.0007
 5.0234	 -0.0003	  0.0009
 5.0312	 -0.0003	  0.0011
 5.0391	 -0.0002	  0.0013
 5.0469	 -0.0002	  0.0015
 5.0547	 -0.0002	  0.0016
 5.0625	 -0.0002	  0.0018
 5.0703	 -0.0002	  0.0020
 5.0781	 -0.0001	  0.0021
 5.0859	 -0.0001	  0.0022
 5.0938	 -0.0001	  0.0023
 5.1016	 -0.0001	  0.0025
 5.1094	 -0.0001	  0.0026
 5.1172	 -0.0001	  0.0027
 5.1250	 -0.0001	  0.0028
 5.1328	 -0.0000	  0.0029
 5.1406	 -0.0000	  0.0030
 5.1484	 -0.0000	  0.0030
 5.1562	 -0.0000	  0.0031
 5.1641	 -0.0000	  0.0032
 5.1719	 -0.0000	  0.0032
 5.1797	 -0.0001	  0.0033
 5.1875	 -0.0001	  0.0033
 5.1953	 -0.0001	  0.0033
 5.2031	 -0.0001	  0.0032
 5.2109	 -0.0001	  0.0032
 5.2188	 -0.0001	  0.0031
 5.2266	 -0.0002	  0.0029
 5.2344	 -0.0002	  0.0027
 5.2422	 -0.0002	  0.0025
 5.2500	 -0.0002	  0.0023
 5.2578	 -0.0002	  0.0020
 5.2656	 -0.0002	  0.0018
 5.2734	 -0.0002	  0.0015
 5.2812	 -0.0003	  0.0012
 5.2891	 -0.0003	  0.0009
 5.2969	 -0.0003	  0.0005
 5.3047	 -0.0003	  0.0002
 5.3125	 -0.0003	 -0.0001
 5.3203	 -0.0003	 -0.0004
 5.3281	 -0.0003	 -0.0007
 5.3359	 -0.0003	 -0.0009
 5.3438	 -0.0003	 -0.0012
 5.3516	 -0.0003	 -0.0015
 5.3594	 -0.0003	 -0.0018
 5.3672	 -0.0003	 -0.0020
 5.3750	 -0.0003	 -0.0023
 5.3828	 -0.0002	 -0.0026
 5.3906	 -0.0002	 -0.0028
 5.3984	 -0.0002	 -0.0031
 5.4062	 -0.0002	 -0.0034
 5.4141	 -0.0001	 -0.0037
 5.4219	 -0.0001	 -0.0039
 5.4297	 -0.0000	 -0.0042
 5.4375	 -0.0000	 -0.0045
 5.4453	  0.0000	 -0.0047
 5.4531	  0.0001	 -0.0049
 5.4609	  0.0001	 -0.0051
 5.4688	  0.0001	 -0.0053
 5.4766	  0.0002	 -0.0054
 5.4844	  0.0002	 -0.0055
 5.4922	  0.0003	 -0.0056
 5.5000	  0.0003	 -0.0056
 5.5078	  0.0003	 -0.0056
 5.5156	  0.0004	 -0.0055
 5.5234	  0.0004	 -0.0055
 5.5312	  0.0005	 -0.0054
 5.5391	  0.0005	 -0.0053
 5.5469	  0.0005	 -0.0051
 5.5547	  0.0006	 -0.0050
 5.5625	  0.0006	 -0.0048
 5.5703	  0.0006	 -0.0047
 5.5781	  0.0007	 -0.0045
 5.5859	  0.0007	 -0.0043
 5.5938	  0.0007	 -0.0041
 5.6016	  0.0007	 -0.0039
 5.6094	  0.0007	 -0.0037
 5.6172	  0.0007	 -0.0034
 5.6250	  0.0007	 -0.0032
 5.6328	  0.0008	 -0.0028
 5.6406	  0.0008	 -0.0025
 5.6484	  0.0008	 -0.0021
 5.6562	  0.0007	 -0.0017
 5.6641	  0.0007	 -0.0013
 5.6719	  0.0007	 -0.0008
 5.6797	  0.0007	 -0.0003
 5.6875	  0.0007	  0.0002
 5.6953	  0.0007	  0.0006
 5.7031	  0.0007	  0.0011
 5.7109	  0.0007	  0.0016
 5.7188	  0.0006	  0.0021
 5.7266	  0.0006	  0.0025
 5.7344	  0.0006	  0.0030
 5.7422	  0.0006	  0.0033
 5.7500	  0.0006	  0.0037
 5.7578	  0.0005	  0.0040
 5.7656	  0.0005	  0.0043
 5.7734	  0.0005	  0.0045
 5.7812	  0.0005	  0.0047
 5.7891	  0.0005	  0.0049
 5.7969	  0.0004	  0.0051
 5.8047	  0.0004	  0.0052
 5.8125	  0.0004	  0.0053
 5.8203	  0.0004	  0.0054
 5.8281	  0.0004	  0.0054
 5.8359	  0.0004	  0.0055
 5.8438	  0.0004	  0.0055
 5.8516	  0.0003	  0.0055
 5.8594	  0.0003	  0.0054
 5.8672	  0.0003	  0.0054
 5.8750	  0.0003	  0.0053
 5.8828	  0.0003	  0.0052
 5.8906	  0.0002	  0.0050
 5.8984	  0.0002	  0.0048
 5.9062	  0.0002	  0.0046
 5.9141	  0.0002	  0.0043
 5.9219	  0.0001	  0.0040
 5.9297	  0.0001	  0.0037
 5.9375	  0.0001	  0.0033
 5.9453	  0.0000	  0.0029
 5.9531	  0.0000	  0.0025
 5.9609	 -0.0000	  0.0021
 5.9688	 -0.0001	  0.0017
 5.9766	 -0.0001	  0.0013
 5.9844	 -0.0002	  0.0009
 5.9922	 -0.0002	  0.0005
 6.0000	 -0.0003	  0.0002
 6.0078	 -0.0004	 -0.0001
 6.0156	 -0.0004	 -0.0004
 6.0234	 -0.0005	 -0.0007
 6.0312	 -0.0006	 -0.0009
 6.0391	 -0.0006	 -0.0012
 6.0469	 -0.0007	 -0.0014
 6.0547	 -0.0008	 -0.0016
 6.0625	 -0.0009	 -0.0018
 6.0703	 -0.0010	 -0.0020
 6.0781	 -0.0010	 -0.0022
 6.0859	 -0.0011	 -0.0024
 6.0938	 -0.0012	 -0.0025
 6.1016	 -0.0013	 -0.0027
 6.1094	 -0.0013	 -0.0029
 6.1172	 -0.0014	 -0.0031
 6.1250	 -0.0015	 -0.0032
 6.1328	 -0.0015	 -0.0034
 6.1406	 -0.0016	 -0.0035
 6.1484	 -0.0016	 -0.0036
 6.1562	 -0.0017	 -0.0036
 6.1641	 -0.0017	 -0.0037
 6.1719	 -0.0017	 -0.0036
 6.1797	 -0.0017	 -0.0036
 6.1875	 -0.0017	 -0.0035
 6.1953	 -0.0017	 -0.0034
 6.2031	 -0.0017	 -0.0032
 6.2109	 -0.0017	 -0.0031
 6.2188	 -0.0016	 -0.0029
 6.2266	 -0.0015	 -0.0026
 6.2344	 -0.0015	 -0.0024
 6.2422	 -0.0014	 -0.0021
 6.2500	 -0.0013	 -0.0019
 6.2578	 -0.0012	 -0.0016
 6.2656	 -0.0011	 -0.0013
 6.2734	 -0.0009	 -0.0011
 6.2812	 -0.0008	 -0.0008
 6.2891	 -0.0007	 -0.0005
 6.2969	 -0.0005	 -0.0003
 6.3047	 -0.0004	 -0.0000
 6.3125	 -0.0003	  0.0002
 6.3203	 -0.0001	  0.0005
 6.3281	  0.0000	  0.0008
 6.3359	  0.0002	  0.0011
 6.3438	  0.0003	  0.0014
 6.3516	  0.0005	  0.0017
 6.3594	  0.0006	  0.0020
 6.3672	  0.0007	  0.0023
 6.3750	  0.0008	  0.0026
 6.3828	  0.0010	  0.0028
 6.3906	  0.0011	  0.0031
 6.3984	  0.0012	  0.0034
 6.4062	  0.0013	  0.0036
 6.4141	  0.0013	  0.0038
 6.4219	  0.0014	  0.0040
 6.4297	  0.0015	  0.0041
 6.4375	  0.0015	  0.0042
 6.4453	  0.0015	  0.0042
 6.4531	  0.0016	  0.0042
 6.4609	  0.0016	  0.0041
 6.4688	  0.0016	  0.0040
 6.4766	  0.0016	  0.0039
 6.4844	  0.0016	  0.0037
 6.4922	  0.0015	  0.0035
 6.5000	  0.0015	  0.0033
 6.5078	  0.0015	  0.0030
 6.5156	  0.0014	  0.0028
 6.5234	  0.0014	  0.0025
 6.5312	  0.0013	  0.0022
 6.5391	  0.0012	  0.0020
 6.5469	  0.0012	  0.0017
 6.5547	  0.0011	  0.0014
 6.5625	  0.0010	  0.0011
 6.5703	  0.0010	  0.0008
 6.5781	  0.0009	  0.0005
 6.5859	  0.0008	  0.0002
 6.5938	  0.0008	 -0.0001
 6.6016	  0.0007	 -0.0004
 6.6094	  0.0006	 -0.0008
 6.6172	  0.0006	 -0.0011
 6.6250	  0.0005	 -0.0015
 6.6328	  0.0005	 -0.0019
 6.6406	  0.0004	 -0.0023
 6.6484	  0.0004	 -0.0027
 6.6562	  0.0004	 -0.0031
 6.6641	  0.0003	 -0.0034
 6.6719	  0.0003	 -0.0038
 6.6797	  0.0003	 -0.0042
 6.6875	  0.0003	 -0.0045
 6.6953	  0.0002	 -0.0048
 6.7031	  0.0002	 -0.0051
 6.7109	  0.0002	 -0.0054
 6.7188	  0.0002	 -0.0056
 6.7266	  0.0002	 -0.0059
 6.7344	  0.0002	 -0.0061
 6.7422	  0.0002	 -0.0062
 6.7500	  0.0002	 -0.0064
 6.7578	  0.0002	 -0.0065
 6.7656	  0.0002	 -0.0067
 6.7734	  0.0002	 -0.0068
 6.7812	  0.0001	 -0.0069
 6.7891	  0.0001	 -0.0071
 6.7969	  0.0001	 -0.0072
 6.8047	  0.0001	 -0.0073
 6.8125	  0.0001	 -0.0074
 6.8203	  0.0000	 -0.0075
 6.8281	  0.0000	 -0.0075
 6.8359	 -0.0000	 -0.0076
 6.8438	 -0.0001	 -0.0076
 6.8516	 -0.0001	 -0.0076
 6.8594	 -0.0002	 -0.0075
 6.8672	 -0.0002	 -0.0074
 6.8750	 -0.0002	 -0.0073
 6.8828	 -0.0003	 -0.0071
 6.8906	 -0.0003	 -0.0069
 6.8984	 -0.0004	 -0.0066
 6.9062	 -0.0004	 -0.0063
 6.9141	 -0.0004	 -0.0059
 6.9219	 -0.0005	 -0.0055
 6.9297	 -0.0005	 -0.0051
 6.9375	 -0.0005	 -0.0046
 6.9453	 -0.0006	 -0.0041
 6.9531	 -0.0006	 -0.0036
 6.9609	 -0.0006	 -0.0030
 6.9688	 -0.0006	 -0.0024
 6.9766	 -0.0006	 -0.0019
 6.9844	 -0.0007	 -0.0013
 6.9922	 -0.0007	 -0.0007
 7.0000	 -0.0007	 -0.0001
 7.0078	 -0.0007	  0.0006
 7.0156	 -0.0007	  0.0012
 7.0234	 -0.0007	  0.0018
 7.0312	 -0.0007	  0.0024
 7.0391	 -0.0007	  0.0031
 7.0469	 -0.0007	  0.0037
 7.0547	 -0.0007	  0.0043
 7.0625	 -0.0007	  0.0050
 7.0703	 -0.0006	  0.0056
 7.0781	 -0.0006	  0.0062
 7.0859	 -0.0006	  0.0068
 7.0938	 -0.0006	  0.0074
 7.1016	 -0.0006	  0.0080
 7.1094	 -0.0006	  0.0085
 7.1172	 -0.0006	  0.0090
 7.1250	 -0.0006	  0.0095
 7.1328	 -0.0005	  0.0099
 7.1406	 -0.0005	  0.0103
 7.1484	 -0.0005	  0.0106
 7.1562	 -0.0005	  0.0109
 7.1641	 -0.0005	  0.0111
 7.1719	 -0.0005	  0.0113
 7.1797	 -0.0005	  0.0115
 7.1875	 -0.0005	  0.0116
 7.1953	 -0.0004	  0.0116
 7.2031	 -0.0004	  0.0116
 7.2109	 -0.0004	  0.0116
 7.2188	 -0.0004	  0.0116
 7.2266	 -0.0004	  0.0115
 7.2344	 -0.0004	  0.0114
 7.2422	 -0.0003	  0.0113
 7.2500	 -0.0003	  0.0111
 7.2578	 -0.0003	  0.0109
 7.2656	 -0.0002	  0.0107
 7.2734	 -0.0002	  0.0105
 7.2812	 -0.0002	  0.0103
 7.2891	 -0.0002	  0.0100
 7.2969	 -0.0001	  0.0097
 7.3047	 -0.0001	  0.0093
 7.3125	 -0.0001	  0.0090
 7.3203	 -0.0000	  0.0086
 7.3281	 -0.0000	  0.0081
 7.3359	  0.0000	  0.0077
 7.3438	  0.0000	  0.0071
 7.3516	  0.0001	  0.0066
 7.3594	  0.0001	  0.0060
 7.3672	  0.0001	  0.0054
 7.3750	  0.0002	  0.0048
 7.3828	  0.0002	  0.0041
 7.3906	  0.0002	  0.0034
 7.3984	  0.0002	  0.0027
 7.4062	  0.0003	  0.0020
 7.4141	  0.0003	  0.0013
 7.4219	  0.0003	  0.0005
 7.4297	  0.0003	 -0.0003
 7.4375	  0.0003	 -0.0010
 7.4453	  0.0003	 -0.0018
 7.4531	  0.0003	 -0.0026
 7.4609	  0.0003	 -0.0034
 7.4688	  0.0003	 -0.0042
 7.4766	  0.0003	 -0.0050
 7.4844	  0.0003	 -0.0058
 7.4922	  0.0003	 -0.0067
 7.5000	  0.0003	 -0.0075
 7.5078	  0.0002	 -0.0083
 7.5156	  0.0002	 -0.0091
 7.5234	  0.0002	 -0.0099
 7.5312	  0.0002	 -0.0107
 7.5391	  0.0002	 -0.0114
 7.5469	  0.0002	 -0.0121
 7.5547	  0.0002	 -0.0128
 7.5625	  0.0001	 -0.0135
 7.5703	  0.0001	 -0.0141
 7.5781	  0.0001	 -0.0146
 7.5859	  0.0001	 -0.0151
 7.5938	  0.0001	 -0.0156
 7.6016	  0.0001	 -0.0160
 7.6094	  0.0001	 -0.0163
 7.6172	  0.0001	 -0.0166
 7.6250	  0.0001	 -0.0168
 7.6328	  0.0001	 -0.0169
 7.6406	  0.0001	 -0.0170
 7.6484	  0.0001	 -0.0171
 7.6562	  0.0001	 -0.0170
 7.6641	  0.0001	 -0.0170
 7.6719	  0.0001	 -0.0168
 7.6797	  0.0002	 -0.0166
 7.6875	  0.0002	 -0.0164
 7.6953	  0.0002	 -0.0161
 7.7031	  0.0002	 -0.0158
 7.7109	  0.0002	 -0.0154
 7.7188	  0.0003	 -0.0150
 7.7266	  0.0003	 -0.0145
 7.7344	  0.0003	 -0.0140
 7.7422	  0.0003	 -0.0134
 7.7500	  0.0004	 -0.0129
 7.7578	  0.0004	 -0.0123
 7.7656	  0.0004	 -0.0116
 7.7734	  0.0004	 -0.0110
 7.7812	  0.0004	 -0.0103
 7.7891	  0.0005	 -0.0096
 7.7969	  0.0005	 -0.0089
 7.8047	  0.0005	 -0.0082
 7.8125	  0.0005	 -0.0075
 7.8203	  0.0005	 -0.0068
 7.8281	  0.0005	 -0.0060
 7.8359	  0.0005	 -0.0053
 7.8438	  0.0005	 -0.0045
 7.8516	  0.0005	 -0.0037
 7.8594	  0.0005	 -0.0029
 7.8672	  0.0005	 -0.0021
 7.8750	  0.0005	 -0.0013
 7.8828	  0.0004	 -0.0005
 7.8906	  0.0004	  0.0004
 7.8984	  0.0004	  0.0012
 7.9062	  0.0004	  0.0020
 7.9141	  0.0003	  0.0029
 7.9219	  0.0003	  0.0037
 7.9297	  0.0003	  0.0045
 7.9375	  0.0002	  0.0053
 7.9453	  0.0002	  0.0062
 7.9531	  0.0002	  0.0070
 7.9609	  0.0001	  0.0078
 7.9688	  0.0001	  0.0086
 7.9766	  0.0000	  0.0094
 7.9844	 -0.0000	  0.0102
 7.9922	 -0.0001	  0.0110
 8.0000	 -0.0001	  0.0118
 8.0078	 -0.0002	  0.0125
 8.0156	 -0.0002	  0.0133
 8.0234	 -0.0003	  0.0140
 8.0312	 -0.0003	  0.0147
 8.0391	 -0.0004	  0.0154
 8.0469	 -0.0004	  0.0161
 8.0547	 -0.0004	  0.0167
 8.0625	 -0.0005	  0.0172
 8.0703	 -0.0005	  0.0178
 8.0781	 -0.0006	  0.0183
 8.0859	 -0.0006	  0.0187
 8.0938	 -0.0006	  0.0190
 8.1016	 -0.0006	  0.0193
 8.1094	 -0.0006	  0.0196
 8.1172	 -0.0007	  0.0197
 8.1250	 -0.0007	  0.0198
 8.1328	 -0.0007	  0.0198
 8.1406	 -0.0007	  0.0198
 8.1484	 -0.0007	  0.0196
 8.1562	 -0.0006	  0.0194
 8.1641	 -0.0006	  0.0191
 8.1719	 -0.0006	  0.0188
 8.1797	 -0.0006	  0.0184
 8.1875	 -0.0006	  0.0179
 8.1953	 -0.0005	  0.0174
 8.2031	 -0.0005	  0.0168
 8.2109	 -0.0005	  0.0161
 8.2188	 -0.0005	  0.0154
 8.2266	 -0.0004	  0.0147
 8.2344	 -0.0004	  0.0139
 8.2422	 -0.0004	  0.0130
 8.2500	 -0.0003	  0.0121
 8.2578	 -0.0003	  0.0111
 8.2656	 -0.0003	  0.0102
 8.2734	 -0.0003	  0.0091
 8.2812	 -0.0003	  0.0081
 8.2891	 -0.0002	  0.0070
 8.2969	 -0.0002	  0.0059
 8.3047	 -0.0002	  0.0048
 8.3125	 -0.0002	  0.0037
 8.3203	 -0.0002	  0.0026
 8.3281	 -0.0002	  0.0014
 8.3359	 -0.0002	  0.0003
 8.3438	 -0.0002	 -0.0008
 8.3516	 -0.0002	 -0.0019
 8.3594	 -0.0002	 -0.0030
 8.3672	 -0.0002	 -0.0040
 8.3750	 -0.0002	 -0.0051
 8.3828	 -0.0002	 -0.0061
 8.3906	 -0.0002	 -0.0070
 8.3984	 -0.0003	 -0.0080
 8.4062	 -0.0003	 -0.0089
 8.4141	 -0.0003	 -0.0098
 8.4219	 -0.0003	 -0.0106
 8.4297	 -0.0003	 -0.0114
 8.4375	 -0.0004	 -0.0122
 8.4453	 -0.0004	 -0.0129
 8.4531	 -0.0004	 -0.0136
 8.4609	 -0.0004	 -0.0143
 8.4688	 -0.0004	 -0.0150
 8.4766	 -0.0005	 -0.0156
 8.4844	 -0.0005	 -0.0161
 8.4922	 -0.0005	 -0.0167
 8.5000	 -0.0005	 -0.0172
 8.5078	 -0.0005	 -0.0177
 8.5156	 -0.0005	 -0.0181
 8.5234	 -0.0005	 -0.0185
 8.5312	 -0.0005	 -0.0188
 8.5391	 -0.0004	 -0.0192
 8.5469	 -0.0004	 -0.0194
 8.5547	 -0.0004	 -0.0197
 8.5625	 -0.0004	 -0.0199
 8.5703	 -0.0004	 -0.0200
 8.5781	 -0.0004	 -0.0201
 8.5859	 -0.0003	 -0.0202
 8.5938	 -0.0003	 -0.0202
 8.6016	 -0.0003	 -0.0202
 8.6094	 -0.0003	 -0.0201
 8.6172	 -0.0002	 -0.0200
 8.6250	 -0.0002	 -0.0198
 8.6328	 -0.0002	 -0.0196
 8.6406	 -0.0001	 -0.0194
 8.6484	 -0.0001	 -0.0191
 8.6562	 -0.0001	 -0.0188
 8.6641	 -0.0000	 -0.0184
 8.6719	 -0.0000	 -0.0179
 8.6797	  0.0000	 -0.0175
 8.6875	  0.0001	 -0.0170
 8.6953	  0.0001	 -0.0165
 8.7031	  0.0001	 -0.0159
 8.7109	  0.0001	 -0.0153
 8.7188	  0.0002	 -0.0146
 8.7266	  0.0002	 -0.0140
 8.7344	  0.0002	 -0.0133
 8.7422	  0.0002	 -0.0126
 8.7500	  0.0003	 -0.0118
 8.7578	  0.0003	 -0.0111
 8.7656	  0.0003	 -0.0103
 8.7734	  0.0003	 -0.0094
 8.7812	  0.0003	 -0.0086
 8.7891	  0.0003	 -0.0077
 8.7969	  0.0004	 -0.0069
 8.8047	  0.0004	 -0.0060
 8.8125	  0.0004	 -0.0051
 8.8203	  0.0004	 -0.0041
 8.8281	  0.0004	 -0.0032
 8.8359	  0.0005	 -0.0023
 8.8438	  0.0005	 -0.0014
 8.8516	  0.0005	 -0.0004
 8.8594	  0.0005	  0.0005
 8.8672	  0.0006	  0.0014
 8.8750	  0.0006	  0.0023
 8.8828	  0.0006	  0.0032
 8.8906	  0.0006	  0.0041
 8.8984	  0.0007	  0.0049
 8.9062	  0.0007	  0.0057
 8.9141	  0.0007	  0.0066
 8.9219	  0.0008	  0.0074
 8.9297	  0.0008	  0.0082
 8.9375	  0.0008	  0.0090
 8.9453	  0.0008	  0.0097
 8.9531	  0.0009	  0.0105
 8.9609	  0.0009	  0.0112
 8.9688	  0.0009	  0.0120
 8.9766	  0.0009	  0.0127
 8.9844	  0.0009	  0.0134
 8.9922	  0.0009	  0.0141
 9.0000	  0.0009	  0.0148
 9.0078	  0.0009	  0.0155
 9.0156	  0.0009	  0.0162
 9.0234	  0.0009	  0.0168
 9.0312	  0.0008	  0.0174
 9.0391	  0.0008	  0.0180
 9.0469	  0.0008	  0.0185
 9.0547	  0.0007	  0.0190
 9.0625	  0.0007	  0.0195
 9.0703	  0.0006	  0.0199
 9.0781	  0.0006	  0.0203
 9.0859	  0.0005	  0.0206
 9.0938	  0.0005	  0.0209
 9.1016	  0.0004	  0.0211
 9.1094	  0.0003	  0.0213
 9.1172	  0.0003	  0.0214
 9.1250	  0.0002	  0.0214
 9.1328	  0.0001	  0.0214
 9.1406	  0.0001	  0.0214
 9.1484	 -0.0000	  0.0213
 9.1562	 -0.0001	  0.0211
 9.1641	 -0.0002	  0.0209
 9.1719	 -0.0002	  0.0206
 9.1797	 -0.0003	  0.0203
 9.1875	 -0.0003	  0.0199
 9.1953	 -0.0004	  0.0194
 9.2031	 -0.0004	  0.0188
 9.2109	 -0.0005	  0.0183
 9.2188	 -0.0005	  0.0176
 9.2266	 -0.0006	  0.0169
 9.2344	 -0.0006	  0.0161
 9.2422	 -0.0006	  0.0152
 9.2500	 -0.0006	  0.0143
 9.2578	 -0.0007	  0.0134
 9.2656	 -0.0007	  0.0124
 9.2734	 -0.0007	  0.0113
 9.2812	 -0.0007	  0.0102
 9.2891	 -0.0007	  0.0090
 9.2969	 -0.0007	  0.0079
 9.3047	 -0.0007	  0.0067
 9.3125	 -0.0007	  0.0054
 9.3203	 -0.0007	  0.0042
 9.3281	 -0.0007	  0.0029
 9.3359	 -0.0006	  0.0017
 9.3438	 -0.0006	  0.0005
 9.3516	 -0.0006	 -0.0008
 9.3594	 -0.0006	 -0.0019
 9.3672	 -0.0006	 -0.0031
 9.3750	 -0.0006	 -0.0042
 9.3828	 -0.0006	 -0.0053
 9.3906	 -0.0006	 -0.0064
 9.3984	 -0.0006	 -0.0074
 9.4062	 -0.0006	 -0.0084
 9.4141	 -0.0006	 -0.0093
 9.4219	 -0.0006	 -0.0101
 9.4297	 -0.0006	 -0.0110
 9.4375	 -0.0007	 -0.0118
 9.4453	 -0.0007	 -0.0125
 9.4531	 -0.0007	 -0.0132
 9.4609	 -0.0008	 -0.0139
 9.4688	 -0.0008	 -0.0145
 9.4766	 -0.0008	 -0.0151
 9.4844	 -0.0009	 -0.0156
 9.4922	 -0.0009	 -0.0161
 9.5000	 -0.0010	 -0.0166
 9.5078	 -0.0010	 -0.0170
 9.5156	 -0.0011	 -0.0174
 9.5234	 -0.0011	 -0.0177
 9.5312	 -0.0012	 -0.0180
 9.5391	 -0.0012	 -0.0183
 9.5469	 -0.0012	 -0.0185
 9.5547	 -0.0013	 -0.0187
 9.5625	 -0.0013	 -0.0189
 9.5703	 -0.0013	 -0.0190
 9.5781	 -0.0014	 -0.0191
 9.5859	 -0.0014	 -0.0191
 9.5938	 -0.0014	 -0.0192
 9.6016	 -0.0014	 -0.0192
 9.6094	 -0.0014	 -0.0192
 9.6172	 -0.0014	 -0.0191
 9.6250	 -0.0014	 -0.0191
 9.6328	 -0.0014	 -0.0191
 9.6406	 -0.0014	 -0.0190
 9.6484	 -0.0013	 -0.0190
 9.6562	 -0.0013	 -0.0189
 9.6641	 -0.0012	 -0.0189
 9.6719	 -0.0012	 -0.0188
 9.6797	 -0.0011	 -0.0188
 9.6875	 -0.0011	 -0.0187
 9.6953	 -0.0010	 -0.0186
 9.7031	 -0.0009	 -0.0185
 9.7109	 -0.0008	 -0.0184
 9.7188	 -0.0007	 -0.0182
 9.7266	 -0.0006	 -0.0180
 9.7344	 -0.0005	 -0.0178
 9.7422	 -0.0004	 -0.0175
 9.7500	 -0.0003	 -0.0172
 9.7578	 -0.0001	 -0.0168
 9.7656	 -0.0000	 -0.0164
 9.7734	  0.0001	 -0.0160
 9.7812	  0.0002	 -0.0155
 9.7891	  0.0004	 -0.0150
 9.7969	  0.0005	 -0.0144
 9.8047	  0.0006	 -0.0138
 9.8125	  0.0007	 -0.0131
 9.8203	  0.0008	 -0.0124
 9.8281	  0.0010	 -0.0117
 9.8359	  0.0011	 -0.0110
 9.8438	  0.0012	 -0.0102
 9.8516	  0.0013	 -0.0094
 9.8594	  0.0014	 -0.0086
 9.8672	  0.0014	 -0.0078
 9.8750	  0.0015	 -0.0069
 9.8828	  0.0016	 -0.0060
 9.8906	  0.0016	 -0.0051
 9.8984	  0.0017	 -0.0042
 9.9062	  0.0017	 -0.0033
 9.9141	  0.0018	 -0.0023
 9.9219	  0.0018	 -0.0013
 9.9297	  0.0018	 -0.0003
 9.9375	  0.0018	  0.0007
 9.9453	  0.0018	  0.0017
 9.9531	  0.0018	  0.0028
 9.9609	  0.0018	  0.0038
 9.9688	  0.0017	  0.0049
 9.9766	  0.0017	  0.0059
 9.9844	  0.0017	  0.0070
 9.9922	  0.0016	  0.0080
10.0000	  0.0015	  0.0091
10.0078	  0.0015	  0.0101
10.0156	  0.0014	  0.0111
10.0234	  0.0013	  0.0120
10.0312	  0.0012	  0.0130
10.0391	  0.0012	  0.0139
10.0469	  0.0011	  0.0147
10.0547	  0.0010	  0.0155
10.0625	  0.0009	  0.0163
10.0703	  0.0008	  0.0170
10.0781	  0.0007	  0.0177
10.0859	  0.0007	  0.0184
10.0938	  0.0006	  0.0190
10.1016	  0.0005	  0.0196
10.1094	  0.0004	  0.0201
10.1172	  0.0004	  0.0206
10.1250	  0.0003	  0.0210
10.1328	  0.0003	  0.0214
10.1406	  0.0002	  0.0218
10.1484	  0.0002	  0.0221
10.1562	  0.0001	  0.0223
10.1641	  0.0001	  0.0226
10.1719	  0.0001	  0.0228
10.1797	  0.0001	  0.0229
10.1875	  0.0001	  0.0230
10.1953	  0.0000	  0.0231
10.2031	  0.0000	  0.0231
10.2109	  0.0000	  0.0230
10.2188	  0.0001	  0.0229
10.2266	  0.0001	  0.0228
10.2344	  0.0001	  0.0226
10.2422	  0.0001	  0.0223
10.2500	  0.0001	  0.0220
10.2578	  0.0001	  0.0216
10.2656	  0.0001	  0.0212
10.2734	  0.0001	  0.0207
10.2812	  0.0001	  0.0201
10.2891	  0.0002	  0.0195
10.2969	  0.0002	  0.0189
10.3047	  0.0002	  0.0182
10.3125	  0.0002	  0.0174
10.3203	  0.0002	  0.0166
10.3281	  0.0002	  0.0158
10.3359	  0.0001	  0.0150
10.3438	  0.0001	  0.0142
10.3516	  0.0001	  0.0133
10.3594	  0.0001	  0.0124
10.3672	  0.0001	  0.0115
10.3750	  0.0000	  0.0106
10.3828	 -0.0000	  0.0097
10.3906	 -0.0001	  0.0088
10.3984	 -0.0001	  0.0078
10.4062	 -0.0002	  0.0069
10.4141	 -0.0002	  0.0059
10.4219	 -0.0003	  0.0050
10.4297	 -0.0004	  0.0040
10.4375	 -0.0004	  0.0031
10.4453	 -0.0005	  0.0021
10.4531	 -0.0006	  0.0011
10.4609	 -0.0006	  0.0001
10.4688	 -0.0007	 -0.0008
10.4766	 -0.0008	 -0.0018
10.4844	 -0.0008	 -0.0028
10.4922	 -0.0009	 -0.0038
10.5000	 -0.0009	 -0.0048
10.5078	 -0.0010	 -0.0057
10.5156	 -0.0011	 -0.0067
10.5234	 -0.0011	 -0.0076
10.5312	 -0.0012	 -0.0085
10.5391	 -0.0013	 -0.0093
10.5469	 -0.0013	 -0.0102
10.5547	 -0.0014	 -0.0109
10.5625	 -0.0014	 -0.0117
10.5703	 -0.0015	 -0.0124
10.5781	 -0.0015	 -0.0131
10.5859	 -0.0015	 -0.0137
10.5938	 -0.0016	 -0.0143
10.6016	 -0.0016	 -0.0149
10.6094	 -0.0016	 -0.0155
10.6172	 -0.0016	 -0.0160
10.6250	 -0.0016	 -0.0166
10.6328	 -0.0016	 -0.0171
10.6406	 -0.0016	 -0.0176
10.6484	 -0.0016	 -0.0181
10.6562	 -0.0016	 -0.0186
10.6641	 -0.0016	 -0.0190
10.6719	 -0.0016	 -0.0195
10.6797	 -0.0016	 -0.0200
10.6875	 -0.0016	 -0.0204
10.6953	 -0.0016	 -0.0208
10.7031	 -0.0016	 -0.0212
10.7109	 -0.0016	 -0.0216
10.7188	 -0.0016	 -0.0220
10.7266	 -0.0016	 -0.0223
10.7344	 -0.0016	 -0.0226
10.7422	 -0.0015	 -0.0228
10.7500	 -0.0015	 -0.0230
10.7578	 -0.0015	 -0.0231
10.7656	 -0.0014	 -0.0232
10.7734	 -0.0014	 -0.0232
10.7812	 -0.0014	 -0.0232
10.7891	 -0.0013	 -0.0232
10.7969	 -0.0013	 -0.0231
10.8047	 -0.0012	 -0.0229
10.8125	 -0.0012	 -0.0227
10.8203	 -0.0011	 -0.0225
10.8281	 -0.0011	 -0.0222
10.8359	 -0.0010	 -0.0219
10.8438	 -0.0010	 -0.0216
10.8516	 -0.0009	 -0.0213
10.8594	 -0.0008	 -0.0209
10.8672	 -0.0008	 -0.0204
10.8750	 -0.0007	 -0.0200
10.8828	 -0.0006	 -0.0195
10.8906	 -0.0005	 -0.0190
10.8984	 -0.0004	 -0.0184
10.9062	 -0.0003	 -0.0178
10.9141	 -0.0002	 -0.0171
10.9219	 -0.0001	 -0.0164
10.9297	 -0.0000	 -0.0157
10.9375	  0.0001	 -0.0149
10.9453	  0.0002	 -0.0140
10.9531	  0.0003	 -0.0131
10.9609	  0.0004	 -0.0121
10.9688	  0.0005	 -0.0111
10.9766	  0.0006	 -0.0101
10.9844	  0.0008	 -0.0090
10.9922	  0.0009	 -0.0079
11.0000	  0.0010	 -0.0067
11.0078	  0.0011	 -0.0056
11.0156	  0.0012	 -0.0044
11.0234	  0.0013	 -0.0032
11.0312	  0.0014	 -0.0020
11.0391	  0.0016	 -0.0008
11.0469	  0.0017	  0.0004
11.0547	  0.0017	  0.0015
11.0625	  0.0018	  0.0026
11.0703	  0.0019	  0.0037
11.0781	  0.0020	  0.0048
11.0859	  0.0021	  0.0058
11.0938	  0.0022	  0.0068
11.1016	  0.0022	  0.0078
11.1094	  0.0023	  0.0088
11.1172	  0.0023	  0.0097
11.1250	  0.0024	  0.0106
11.1328	  0.0024	  0.0115
11.1406	  0.0025	  0.0124
11.1484	  0.0025	  0.0133
11.1562	  0.0025	  0.0141
11.1641	  0.0025	  0.0150
11.1719	  0.0025	  0.0158
11.1797	  0.0025	  0.0166
11.1875	  0.0025	  0.0173
11.1953	  0.0025	  0.0181
11.2031	  0.0025	  0.0188
11.2109	  0.0025	  0.0194
11.2188	  0.0025	  0.0201
11.2266	  0.0025	  0.0206
11.2344	  0.0024	  0.0212
11.2422	  0.0024	  0.0216
11.2500	  0.0024	  0.0220
11.2578	  0.0023	  0.0224
11.2656	  0.0023	  0.0226
11.2734	  0.0023	  0.0229
11.2812	  0.0022	  0.0230
11.2891	  0.0022	  0.0231
11.2969	  0.0021	  0.0232
11.3047	  0.0021	  0.0232
11.3125	  0.0020	  0.0231
11.3203	  0.0019	  0.0231
11.3281	  0.0019	  0.0230
11.3359	  0.0018	  0.0229
11.3438	  0.0017	  0.0227
11.3516	  0.0016	  0.0226
11.3594	  0.0015	  0.0224
11.3672	  0.0014	  0.0223
11.3750	  0.0013	  0.0221
11.3828	  0.0012	  0.0219
11.3906	  0.0011	  0.0217
11.3984	  0.0010	  0.0214
11.4062	  0.0009	  0.0212
11.4141	  0.0008	  0.0208
11.4219	  0.0007	  0.0205
11.4297	  0.0005	  0.0201
11.4375	  0.0004	  0.0197
11.4453	  0.0003	  0.0192
11.4531	  0.0001	  0.0186
11.4609	 -0.0000	  0.0181
11.4688	 -0.0002	  0.0174
11.4766	 -0.0003	  0.0167
11.4844	 -0.0005	  0.0160
11.4922	 -0.0006	  0.0152
11.5000	 -0.0008	  0.0144
11.5078	 -0.0010	  0.0136
11.5156	 -0.0011	  0.0127
11.5234	 -0.0013	  0.0119
11.5312	 -0.0014	  0.0110
11.5391	 -0.0016	  0.0101
11.5469	 -0.0017	  0.0093
11.5547	 -0.0019	  0.0084
11.5625	 -0.0020	  0.0076
11.5703	 -0.0022	  0.0068
11.5781	 -0.0023	  0.0060
11.5859	 -0.0024	  0.0052
11.5938	 -0.0025	  0.0044
11.6016	 -0.0026	  0.0036
11.6094	 -0.0027	  0.0028
11.6172	 -0.0028	  0.0020
11.6250	 -0.0029	  0.0011
11.6328	 -0.0030	  0.0003
11.6406	 -0.0030	 -0.0005
11.6484	 -0.0031	 -0.0014
11.6562	 -0.0031	 -0.0022
11.6641	 -0.0032	 -0.0031
11.6719	 -0.0032	 -0.0040
11.6797	 -0.0032	 -0.0049
11.6875	 -0.0032	 -0.0057
11.6953	 -0.0032	 -0.0066
11.7031	 -0.0032	 -0.0075
11.7109	 -0.0031	 -0.0084
11.7188	 -0.0031	 -0.0092
11.7266	 -0.0031	 -0.0100
11.7344	 -0.0030	 -0.0108
11.7422	 -0.0030	 -0.0116
11.7500	 -0.0029	 -0.0123
11.7578	 -0.0028	 -0.0129
11.7656	 -0.0028	 -0.0135
11.7734	 -0.0027	 -0.0141
11.7812	 -0.0026	 -0.0147
11.7891	 -0.0025	 -0.0152
11.7969	 -0.0025	 -0.0156
11.8047	 -0.0024	 -0.0161
11.8125	 -0.0023	 -0.0165
11.8203	 -0.0022	 -0.0169
11.8281	 -0.0021	 -0.0173
11.8359	 -0.0021	 -0.0177
11.8438	 -0.0020	 -0.0180
11.8516	 -0.0019	 -0.0184
11.8594	 -0.0018	 -0.0187
11.8672	 -0.0018	 -0.0191
11.8750	 -0.0017	 -0.0194
11.8828	 -0.0016	 -0.0197
11.8906	 -0.0015	 -0.0200
11.8984	 -0.0014	 -0.0203
11.9062	 -0.0014	 -0.0206
11.9141	 -0.0013	 -0.0208
11.9219	 -0.0012	 -0.0210
11.9297	 -0.0011	 -0.0211
11.9375	 -0.0010	 -0.0213
11.9453	 -0.0009	 -0.0213
11.9531	 -0.0008	 -0.0213
11.9609	 -0.0007	 -0.0213
11.9688	 -0.0006	 -0.0212
11.9766	 -0.0004	 -0.0211
11.9844	 -0.0003	 -0.0208
11.9922	 -0.0002	 -0.0206
12.0000	 -0.0000	 -0.0203
12.0078	  0.0001	 -0.0200
12.0156	  0.0003	 -0.0196
12.0234	  0.0004	 -0.0192
12.0312	  0.0006	 -0.0187
12.0391	  0.0008	 -0.0182
12.0469	  0.0010	 -0.0177
12.0547	  0.0012	 -0.0172
12.0625	  0.0014	 -0.0167
12.0703	  0.0016	 -0.0161
12.0781	  0.0018	 -0.0155
12.0859	  0.0020	 -0.0149
12.0938	  0.0022	 -0.0142
12.1016	  0.0024	 -0.0136
12.1094	  0.0026	 -0.0129
12.1172	  0.0028	 -0.0122
12.1250	  0.0030	 -0.0114
12.1328	  0.0032	 -0.0107
12.1406	  0.0034	 -0.0099
12.1484	  0.0035	 -0.0090
12.1562	  0.0037	 -0.0082
12.1641	  0.0038	 -0.0073
12.1719	  0.0040	 -0.0064
12.1797	  0.0041	 -0.0055
12.1875	  0.0042	 -0.0045
12.1953	  0.0043	 -0.0035
12.2031	  0.0044	 -0.0025
12.2109	  0.0045	 -0.0015
12.2188	  0.0045	 -0.0005
12.2266	  0.0045	  0.0005
12.2344	  0.0046	  0.0015
12.2422	  0.0046	  0.0025
12.2500	  0.0045	  0.0035
12.2578	  0.0045	  0.0044
12.2656	  0.0045	  0.0054
12.2734	  0.0044	  0.0063
12.2812	  0.0044	  0.0071
12.2891	  0.0043	  0.0079
12.2969	  0.0042	  0.0087
12.3047	  0.0042	  0.0095
12.3125	  0.0041	  0.0102
12.3203	  0.0039	  0.0109
12.3281	  0.0038	  0.0115
12.3359	  0.0037	  0.0122
12.3438	  0.0035	  0.0128
12.3516	  0.0034	  0.0133
12.3594	  0.0032	  0.0139
12.3672	  0.0031	  0.0144
12.3750	  0.0029	  0.0149
12.3828	  0.0027	  0.0154
12.3906	  0.0026	  0.0159
12.3984	  0.0024	  0.0163
12.4062	  0.0022	  0.0167
12.4141	  0.0021	  0.0171
12.4219	  0.0019	  0.0175
12.4297	  0.0018	  0.0178
12.4375	  0.0016	  0.0182
12.4453	  0.0014	  0.0185
12.4531	  0.0013	  0.0187
12.4609	  0.0011	  0.0189
12.4688	  0.0010	  0.0191
12.4766	  0.0008	  0.0193
12.4844	  0.0007	  0.0194
12.4922	  0.0006	  0.0194
12.5000	  0.0004	  0.0194
12.5078	  0.0003	  0.0194
12.5156	  0.0002	  0.0193
12.5234	  0.0000	  0.0193
12.5312	 -0.0001	  0.0191
12.5391	 -0.0003	  0.0190
12.5469	 -0.0004	  0.0188
12.5547	 -0.0005	  0.0186
12.5625	 -0.0007	  0.0184
12.5703	 -0.0008	  0.0182
12.5781	 -0.0010	  0.0180
12.5859	 -0.0011	  0.0177
12.5938	 -0.0013	  0.0175
12.6016	 -0.0015	  0.0172
12.6094	 -0.0016	  0.0170
12.6172	 -0.0018	  0.0167
12.6250	 -0.0020	  0.0165
12.6328	 -0.0022	  0.0162
12.6406	 -0.0023	  0.0159
12.6484	 -0.0025	  0.0157
12.6562	 -0.0027	  0.0154
12.6641	 -0.0029	  0.0150
12.6719	 -0.0030	  0.0147
12.6797	 -0.0032	  0.0143
12.6875	 -0.0034	  0.0139
12.6953	 -0.0036	  0.0135
12.7031	 -0.0037	  0.0130
12.7109	 -0.0039	  0.0126
12.7188	 -0.0040	  0.0120
12.7266	 -0.0042	  0.0115
12.7344	 -0.0043	  0.0109
12.7422	 -0.0045	  0.0103
12.7500	 -0.0046	  0.0097
12.7578	 -0.0047	  0.0091
12.7656	 -0.0048	  0.0085
12.7734	 -0.0048	  0.0079
12.7812	 -0.0049	  0.0073
12.7891	 -0.0049	  0.0066
12.7969	 -0.0050	  0.0060
12.8047	 -0.0050	  0.0054
12.8125	 -0.0050	  0.0048
12.8203	 -0.0050	  0.0041
12.8281	 -0.0049	  0.0035
12.8359	 -0.0049	  0.0029
12.8438	 -0.0048	  0.0023
12.8516	 -0.0047	  0.0017
12.8594	 -0.0046	  0.0011
12.8672	 -0.0045	  0.0004
12.8750	 -0.0044	 -0.0002
12.8828	 -0.0043	 -0.0008
12.8906	 -0.0041	 -0.0014
12.8984	 -0.0040	 -0.0021
12.9062	 -0.0038	 -0.0027
12.9141	 -0.0037	 -0.0033
12.9219	 -0.0035	 -0.0040
12.9297	 -0.0033	 -0.0046
12.9375	 -0.0031	 -0.0052
12.9453	 -0.0029	 -0.0058
12.9531	 -0.0027	 -0.0064
12.9609	 -0.0025	 -0.0070
12.9688	 -0.0023	 -0.0076
12.9766	 -0.0021	 -0.0081
12.9844	 -0.0019	 -0.0086
12.9922	 -0.0017	 -0.0091
13.0000	 -0.0015	 -0.0096
13.0078	 -0.0013	 -0.0100
13.0156	 -0.0011	 -0.0104
13.0234	 -0.0009	 -0.0108
13.0312	 -0.0006	 -0.0111
13.0391	 -0.0004	 -0.0114
13.0469	 -0.0002	 -0.0117
13.0547	 -0.0000	 -0.0120
13.0625	  0.0002	 -0.0122
13.0703	  0.0004	 -0.0124
13.0781	  0.0007	 -0.0125
13.0859	  0.0009	 -0.0127
13.0938	  0.0011	 -0.0128
13.1016	  0.0013	 -0.0128
13.1094	  0.0016	 -0.0129
13.1172	  0.0018	 -0.0129
13.1250	  0.0021	 -0.0128
13.1328	  0.0023	 -0.0128
13.1406	  0.0026	 -0.0127
13.1484	  0.0028	 -0.0127
13.1562	  0.0031	 -0.0126
13.1641	  0.0033	 -0.0124
13.1719	  0.0036	 -0.0123
13.1797	  0.0039	 -0.0122
13.1875	  0.0041	 -0.0120
13.1953	  0.0043	 -0.0118
13.2031	  0.0046	 -0.0116
13.2109	  0.0048	 -0.0113
13.2188	  0.0050	 -0.0110
13.2266	  0.0052	 -0.0107
13.2344	  0.0054	 -0.0104
13.2422	  0.0056	 -0.0101
13.2500	  0.0058	 -0.0097
13.2578	  0.0060	 -0.0093
13.2656	  0.0061	 -0.0088
13.2734	  0.0063	 -0.0083
13.2812	  0.0065	 -0.0078
13.2891	  0.0066	 -0.0073
13.2969	  0.0068	 -0.0068
13.3047	  0.0069	 -0.0062
13.3125	  0.0071	 -0.0056
13.3203	  0.0072	 -0.0050
13.3281	  0.0073	 -0.0044
13.3359	  0.0073	 -0.0038
13.3438	  0.0074	 -0.0031
13.3516	  0.0074	 -0.0025
13.3594	  0.0075	 -0.0019
13.3672	  0.0075	 -0.0013
13.3750	  0.0074	 -0.0007
13.3828	  0.0074	 -0.0001
13.3906	  0.0073	  0.0005
13.3984	  0.0072	  0.0011
13.4062	  0.0071	  0.0017
13.4141	  0.0070	  0.0023
13.4219	  0.0068	  0.0029
13.4297	  0.0066	  0.0035
13.4375	  0.0064	  0.0041
13.4453	  0.0062	  0.0047
13.4531	  0.0059	  0.0053
13.4609	  0.0056	  0.0058
13.4688	  0.0053	  0.0064
13.4766	  0.0049	  0.0070
13.4844	  0.0046	  0.0076
13.4922	  0.0042	  0.0081
13.5000	  0.0038	  0.0086
13.5078	  0.0035	  0.0092
13.5156	  0.0031	  0.0097
13.5234	  0.0027	  0.0102
13.5312	  0.0023	  0.0106
13.5391	  0.0019	  0.0111
13.5469	  0.0015	  0.0115
13.5547	  0.0012	  0.0119
13.5625	  0.0008	  0.0123
13.5703	  0.0004	  0.0126
13.5781	  0.0000	  0.0130
13.5859	 -0.0003	  0.0133
13.5938	 -0.0007	  0.0135
13.6016	 -0.0010	  0.0137
13.6094	 -0.0014	  0.0139
13.6172	 -0.0017	  0.0141
13.6250	 -0.0020	  0.0142
13.6328	 -0.0024	  0.0144
13.6406	 -0.0027	  0.0145
13.6484	 -0.0030	  0.0145
13.6562	 -0.0033	  0.0146
13.6641	 -0.0036	  0.0147
13.6719	 -0.0039	  0.0147
13.6797	 -0.0042	  0.0147
13.6875	 -0.0045	  0.0147
13.6953	 -0.0048	  0.0147
13.7031	 -0.0051	  0.0147
13.7109	 -0.0054	  0.0147
13.7188	 -0.0057	  0.0147
13.7266	 -0.0059	  0.0146
13.7344	 -0.0062	  0.0146
13.7422	 -0.0065	  0.0145
13.7500	 -0.0067	  0.0145
13.7578	 -0.0070	  0.0144
13.7656	 -0.0072	  0.0143
13.7734	 -0.0074	  0.0143
13.7812	 -0.0076	  0.0142
13.7891	 -0.0078	  0.0140
13.7969	 -0.0080	  0.0139
13.8047	 -0.0082	  0.0138
13.8125	 -0.0084	  0.0136
13.8203	 -0.0085	  0.0134
13.8281	 -0.0087	  0.0132
13.8359	 -0.0088	  0.0129
13.8438	 -0.0089	  0.0127
13.8516	 -0.0090	  0.0124
13.8594	 -0.0090	  0.0122
13.8672	 -0.0091	  0.0119
13.8750	 -0.0091	  0.0116
13.8828	 -0.0091	  0.0113
13.8906	 -0.0091	  0.0110
13.8984	 -0.0091	  0.0107
13.9062	 -0.0090	  0.0104
13.9141	 -0.0090	  0.0101
13.9219	 -0.0089	  0.0098
13.9297	 -0.0088	  0.0095
13.9375	 -0.0086	  0.0092
13.9453	 -0.0085	  0.0088
13.9531	 -0.0083	  0.0085
13.9609	 -0.0081	  0.0082
13.9688	 -0.0079	  0.0078
13.9766	 -0.0076	  0.0074
13.9844	 -0.0073	  0.0070
13.9922	 -0.0070	  0.0066
14.0000	 -0.0067	  0.0062
14.0078	 -0.0064	  0.0057
14.0156	 -0.0060	  0.0052
14.0234	 -0.0056	  0.0047
14.0312	 -0.0052	  0.0042
14.0391	 -0.0048	  0.0037
14.0469	 -0.0044	  0.0031
14.0547	 -0.0039	  0.0025
14.0625	 -0.0034	  0.0019
14.0703	 -0.0029	  0.0013
14.0781	 -0.0023	  0.0007
14.0859	 -0.0018	  0.0000
14.0938	 -0.0012	 -0.0006
14.1016	 -0.0006	 -0.0012
14.1094	 -0.0000	 -0.0019
14.1172	  0.0006	 -0.0025
14.1250	  0.0013	 -0.0031
14.1328	  0.0019	 -0.0037
14.1406	  0.0026	 -0.0044
14.1484	  0.0032	 -0.0049
14.1562	  0.0039	 -0.0055
14.1641	  0.0045	 -0.0061
14.1719	  0.0052	 -0.0067
14.1797	  0.0058	 -0.0072
14.1875	  0.0064	 -0.0078
14.1953	  0.0069	 -0.0083
14.2031	  0.0075	 -0.0088
14.2109	  0.0080	 -0.0093
14.2188	  0.0086	 -0.0098
14.2266	  0.0091	 -0.0103
14.2344	  0.0096	 -0.0108
14.2422	  0.0101	 -0.0112
14.2500	  0.0106	 -0.0116
14.2578	  0.0111	 -0.0120
14.2656	  0.0117	 -0.0124
14.2734	  0.0122	 -0.0128
14.2812	  0.0126	 -0.0131
14.2891	  0.0131	 -0.0134
14.2969	  0.0135	 -0.0137
14.3047	  0.0140	 -0.0139
14.3125	  0.0143	 -0.0141
14.3203	  0.0147	 -0.0143
14.3281	  0.0150	 -0.0144
14.3359	  0.0152	 -0.0145
14.3438	  0.0155	 -0.0145
14.3516	  0.0157	 -0.0144
14.3594	  0.0158	 -0.0144
14.3672	  0.0159	 -0.0143
14.3750	  0.0160	 -0.0141
14.3828	  0.0160	 -0.0139
14.3906	  0.0160	 -0.0137
14.3984	  0.0160	 -0.0134
14.4062	  0.0159	 -0.0132
14.4141	  0.0158	 -0.0128
14.4219	  0.0156	 -0.0125
14.4297	  0.0154	 -0.0121
14.4375	  0.0152	 -0.0117
14.4453	  0.0149	 -0.0113
14.4531	  0.0145	 -0.0109
14.4609	  0.0141	 -0.0104
14.4688	  0.0137	 -0.0099
14.4766	  0.0132	 -0.0094
14.4844	  0.0127	 -0.0089
14.4922	  0.0122	 -0.0084
14.5000	  0.0117	 -0.0079
14.5078	  0.0111	 -0.0073
14.5156	  0.0105	 -0.0068
14.5234	  0.0099	 -0.0063
14.5312	  0.0092	 -0.0058
14.5391	  0.0086	 -0.0052
14.5469	  0.0079	 -0.0047
14.5547	  0.0072	 -0.0043
14.5625	  0.0065	 -0.0038
14.5703	  0.0058	 -0.0033
14.5781	  0.0051	 -0.0029
14.5859	  0.0044	 -0.0024
14.5938	  0.0037	 -0.0020
14.6016	  0.0029	 -0.0016
14.6094	  0.0022	 -0.0012
14.6172	  0.0014	 -0.0009
14.6250	  0.0007	 -0.0005
14.6328	 -0.0000	 -0.0002
14.6406	 -0.0008	  0.0001
14.6484	 -0.0016	  0.0004
14.6562	 -0.0023	  0.0006
14.6641	 -0.0031	  0.0009
14.6719	 -0.0038	  0.0011
14.6797	 -0.0046	  0.0013
14.6875	 -0.0053	  0.0015
14.6953	 -0.0061	  0.0017
14.7031	 -0.0068	  0.0018
14.7109	 -0.0076	  0.0019
14.7188	 -0.0083	  0.0020
14.7266	 -0.0091	  0.0021
14.7344	 -0.0098	  0.0021
14.7422	 -0.0105	  0.0021
14.7500	 -0.0113	  0.0021
14.7578	 -0.0120	  0.0020
14.7656	 -0.0127	  0.0020
14.7734	 -0.0134	  0.0019
14.7812	 -0.0141	  0.0018
14.7891	 -0.0148	  0.0018
14.7969	 -0.0155	  0.0017
14.8047	 -0.0161	  0.0016
14.8125	 -0.0168	  0.0015
14.8203	 -0.0174	  0.0014
14.8281	 -0.0180	  0.0014
14.8359	 -0.0186	  0.0013
14.8438	 -0.0191	  0.0013
14.8516	 -0.0197	  0.0013
14.8594	 -0.0202	  0.0013
14.8672	 -0.0206	  0.0013
14.8750	 -0.0211	  0.0014
14.8828	 -0.0215	  0.0014
14.8906	 -0.0218	  0.0015
14.8984	 -0.0222	  0.0015
14.9062	 -0.0225	  0.0016
14.9141	 -0.0227	  0.0017
14.9219	 -0.0230	  0.0018
14.9297	 -0.0232	  0.0018
14.9375	 -0.0233	  0.0019
14.9453	 -0.0234	  0.0020
14.9531	 -0.0234	  0.0020
14.9609	 -0.0234	  0.0021
14.9688	 -0.0234	  0.0021
14.9766	 -0.0233	  0.0021
14.9844	 -0.0231	  0.0021
14.9922	 -0.0229	  0.0021
15.0000	 -0.0226	  0.0021
15.0078	 -0.0223	  0.0021
15.0156	 -0.0219	  0.0020
15.0234	 -0.0214	  0.0020
15.0312	 -0.0209	  0.0020
15.0391	 -0.0203	  0.0019
15.0469	 -0.0197	  0.0019
15.0547	 -0.0190	  0.0018
15.0625	 -0.0182	  0.0018
15.0703	 -0.0173	  0.0017
15.0781	 -0.0164	  0.0017
15.0859	 -0.0155	  0.0016
15.0938	 -0.0144	  0.0015
15.1016	 -0.0133	  0.0014
15.1094	 -0.0121	  0.0013
15.1172	 -0.0109	  0.0012
15.1250	 -0.0096	  0.0011
15.1328	 -0.0082	  0.0009
15.1406	 -0.0068	  0.0007
15.1484	 -0.0053	  0.0005
15.1562	 -0.0037	  0.0002
15.1641	 -0.0021	 -0.0001
15.1719	 -0.0004	 -0.0004
15.1797	  0.0014	 -0.0007
15.1875	  0.0031	 -0.0011
15.1953	  0.0049	 -0.0015
15.2031	  0.0067	 -0.0019
15.2109	  0.0085	 -0.0024
15.2188	  0.0104	 -0.0029
15.2266	  0.0122	 -0.0033
15.2344	  0.0140	 -0.0038
15.2422	  0.0158	 -0.0043
15.2500	  0.0176	 -0.0048
15.2578	  0.0193	 -0.0053
15.2656	  0.0211	 -0.0058
15.2734	  0.0228	 -0.0063
15.2812	  0.0245	 -0.0067
15.2891	  0.0261	 -0.0071
15.2969	  0.0278	 -0.0075
15.3047	  0.0294	 -0.0078
15.3125	  0.0309	 -0.0081
15.3203	  0.0325	 -0.0084
15.3281	  0.0339	 -0.0087
15.3359	  0.0353	 -0.0089
15.3438	  0.0366	 -0.0092
15.3516	  0.0378	 -0.0093
15.3594	  0.0389	 -0.0095
15.3672	  0.0400	 -0.0097
15.3750	  0.0409	 -0.0098
15.3828	  0.0416	 -0.0099
15.3906	  0.0423	 -0.0099
15.3984	  0.0428	 -0.0100
15.4062	  0.0432	 -0.0100
15.4141	  0.0434	 -0.0100
15.4219	  0.0435	 -0.0100
15.4297	  0.0434	 -0.0100
15.4375	  0.0432	 -0.0099
15.4453	  0.0428	 -0.0099
15.4531	  0.0423	 -0.0098
15.4609	  0.0417	 -0.0097
15.4688	  0.0410	 -0.0095
15.4766	  0.0402	 -0.0093
15.4844	  0.0393	 -0.0091
15.4922	  0.0383	 -0.0089
15.5000	  0.0374	 -0.0086
15.5078	  0.0365	 -0.0083
15.5156	  0.0356	 -0.0080
15.5234	  0.0349	 -0.0076
15.5312	  0.0342	 -0.0073
15.5391	  0.0336	 -0.0069
15.5469	  0.0332	 -0.0064
15.5547	  0.0328	 -0.0060
15.5625	  0.0324	 -0.0056
15.5703	  0.0319	 -0.0051
15.5781	  0.0314	 -0.0047
15.5859	  0.0307	 -0.0042
15.5938	  0.0298	 -0.0038
15.6016	  0.0286	 -0.0033
15.6094	  0.0271	 -0.0029
15.6172	  0.0253	 -0.0025
15.6250	  0.0232	 -0.0021
15.6328	  0.0208	 -0.0017
15.6406	  0.0181	 -0.0013
15.6484	  0.0151	 -0.0010
15.6562	  0.0120	 -0.0007
15.6641	  0.0087	 -0.0005
15.6719	  0.0054	 -0.0002
15.6797	  0.0020	 -0.0000
15.6875	 -0.0015	  0.0001
15.6953	 -0.0049	  0.0003
15.7031	 -0.0083	  0.0004
15.7109	 -0.0116	  0.0005
15.7188	 -0.0149	  0.0005
15.7266	 -0.0180	  0.0006
15.7344	 -0.0211	  0.0007
15.7422	 -0.0241	  0.0007
15.7500	 -0.0270	  0.0008
15.7578	 -0.0298	  0.0008
15.7656	 -0.0325	  0.0009
15.7734	 -0.0350	  0.0009
15.7812	 -0.0374	  0.0009
15.7891	 -0.0397	  0.0010
15.7969	 -0.0418	  0.0010
15.8047	 -0.0438	  0.0010
15.8125	 -0.0457	  0.0010
15.8203	 -0.0474	  0.0011
15.8281	 -0.0490	  0.0011
15.8359	 -0.0505	  0.0010
15.8438	 -0.0519	  0.0010
15.8516	 -0.0532	  0.0010
15.8594	 -0.0543	  0.0009
15.8672	 -0.0555	  0.0009
15.8750	 -0.0565	  0.0008
15.8828	 -0.0575	  0.0007
15.8906	 -0.0584	  0.0006
15.8984	 -0.0593	  0.0004
15.9062	 -0.0600	  0.0003
15.9141	 -0.0607	  0.0001
15.9219	 -0.0612	 -0.0001
15.9297	 -0.0617	 -0.0002
15.9375	 -0.0620	 -0.0004
15.9453	 -0.0622	 -0.0006
15.9531	 -0.0622	 -0.0007
15.9609	 -0.0621	 -0.0009
15.9688	 -0.0619	 -0.0010
15.9766	 -0.0616	 -0.0011
15.9844	 -0.0611	 -0.0012
15.9922	 -0.0606	 -0.0013
16.0000	 -0.0599	 -0.0014
16.0078	 -0.0592	 -0.0014
16.0156	 -0.0583	 -0.0014
16.0234	 -0.0574	 -0.0014
16.0312	 -0.0563	 -0.0014
16.0391	 -0.0552	 -0.0014
16.0469	 -0.0539	 -0.0013
16.0547	 -0.0525	 -0.0013
16.0625	 -0.0511	 -0.0013
16.0703	 -0.0495	 -0.0012
16.0781	 -0.0478	 -0.0012
16.0859	 -0.0460	 -0.0012
16.0938	 -0.0441	 -0.0011
16.1016	 -0.0421	 -0.0011
16.1094	 -0.0400	 -0.0011
16.1172	 -0.0378	 -0.0011
16.1250	 -0.0354	 -0.0011
16.1328	 -0.0330	 -0.0012
16.1406	 -0.0304	 -0.0012
16.1484	 -0.0276	 -0.0013
16.1562	 -0.0248	 -0.0014
16.1641	 -0.0218	 -0.0015
16.1719	 -0.0187	 -0.0016
16.1797	 -0.0155	 -0.0017
16.1875	 -0.0121	 -0.0019
16.1953	 -0.0086	 -0.0020
16.2031	 -0.0049	 -0.0022
16.2109	 -0.0011	 -0.0023
16.2188	  0.0028	 -0.0025
16.2266	  0.0068	 -0.0026
16.2344	  0.0108	 -0.0027
16.2422	  0.0150	 -0.0029
16.2500	  0.0192	 -0.0030
16.2578	  0.0234	 -0.0031
16.2656	  0.0276	 -0.0033
16.2734	  0.0318	 -0.0034
16.2812	  0.0359	 -0.0035
16.2891	  0.0400	 -0.0036
16.2969	  0.0439	 -0.0037
16.3047	  0.0477	 -0.0038
16.3125	  0.0514	 -0.0039
16.3203	  0.0549	 -0.0040
16.3281	  0.0582	 -0.0042
16.3359	  0.0614	 -0.0043
16.3438	  0.0642	 -0.0044
16.3516	  0.0669	 -0.0046
16.3594	  0.0692	 -0.0047
16.3672	  0.0712	 -0.0049
16.3750	  0.0729	 -0.0051
16.3828	  0.0743	 -0.0053
16.3906	  0.0753	 -0.0055
16.3984	  0.0759	 -0.0057
16.4062	  0.0763	 -0.0059
16.4141	  0.0763	 -0.0061
16.4219	  0.0760	 -0.0063
16.4297	  0.0754	 -0.0065
16.4375	  0.0745	 -0.0067
16.4453	  0.0734	 -0.0068
16.4531	  0.0720	 -0.0069
16.4609	  0.0705	 -0.0070
16.4688	  0.0687	 -0.0070
16.4766	  0.0668	 -0.0070
16.4844	  0.0647	 -0.0070
16.4922	  0.0625	 -0.0070
16.5000	  0.0601	 -0.0069
16.5078	  0.0576	 -0.0068
16.5156	  0.0551	 -0.0066
16.5234	  0.0525	 -0.0064
16.5312	  0.0498	 -0.0062
16.5391	  0.0471	 -0.0060
16.5469	  0.0445	 -0.0058
16.5547	  0.0418	 -0.0055
16.5625	  0.0392	 -0.0053
16.5703	  0.0366	 -0.0050
16.5781	  0.0340	 -0.0047
16.5859	  0.0315	 -0.0045
16.5938	  0.0290	 -0.0042
16.6016	  0.0265	 -0.0039
16.6094	  0.0241	 -0.0036
16.6172	  0.0216	 -0.0034
16.6250	  0.0191	 -0.0031
16.6328	  0.0166	 -0.0029
16.6406	  0.0141	 -0.0026
16.6484	  0.0115	 -0.0024
16.6562	  0.0089	 -0.0021
16.6641	  0.0063	 -0.0019
16.6719	  0.0036	 -0.0016
16.6797	  0.0010	 -0.0014
16.6875	 -0.0017	 -0.0011
16.6953	 -0.0043	 -0.0009
16.7031	 -0.0069	 -0.0006
16.7109	 -0.0094	 -0.0004
16.7188	 -0.0118	 -0.0001
16.7266	 -0.0142	  0.0002
16.7344	 -0.0164	  0.0005
16.7422	 -0.0184	  0.0008
16.7500	 -0.0203	  0.0011
16.7578	 -0.0221	  0.0014
16.7656	 -0.0237	  0.0017
16.7734	 -0.0252	  0.0020
16.7812	 -0.0265	  0.0023
16.7891	 -0.0277	  0.0026
16.7969	 -0.0289	  0.0029
16.8047	 -0.0299	  0.0032
16.8125	 -0.0309	  0.0034
16.8203	 -0.0319	  0.0036
16.8281	 -0.0329	  0.0038
16.8359	 -0.0339	  0.0040
16.8438	 -0.0348	  0.0041
16.8516	 -0.0358	  0.0042
16.8594	 -0.0369	  0.0042
16.8672	 -0.0379	  0.0042
16.8750	 -0.0389	  0.0042
16.8828	 -0.0399	  0.0042
16.8906	 -0.0409	  0.0041
16.8984	 -0.0418	  0.0040
16.9062	 -0.0427	  0.0038
16.9141	 -0.0435	  0.0037
16.9219	 -0.0442	  0.0035
16.9297	 -0.0448	  0.0033
16.9375	 -0.0452	  0.0031
16.9453	 -0.0456	  0.0029
16.9531	 -0.0458	  0.0028
16.9609	 -0.0460	  0.0026
16.9688	 -0.0460	  0.0024
16.9766	 -0.0459	  0.0023
16.9844	 -0.0458	  0.0021
16.9922	 -0.0456	  0.0020
17.0000	 -0.0453	  0.0019
17.0078	 -0.0450	  0.0018
17.0156	 -0.0446	  0.0017
17.0234	 -0.0442	  0.0016
17.0312	 -0.0438	  0.0015
17.0391	 -0.0433	  0.0013
17.0469	 -0.0427	  0.0012
17.0547	 -0.0421	  0.0011
17.0625	 -0.0415	  0.0010
17.0703	 -0.0407	  0.0008
17.0781	 -0.0399	  0.0006
17.0859	 -0.0391	  0.0004
17.0938	 -0.0381	  0.0002
17.1016	 -0.0371	  0.0000
17.1094	 -0.0361	 -0.0002
17.1172	 -0.0350	 -0.0004
17.1250	 -0.0338	 -0.0007
17.1328	 -0.0326	 -0.0009
17.1406	 -0.0314	 -0.0012
17.1484	 -0.0301	 -0.0014
17.1562	 -0.0288	 -0.0017
17.1641	 -0.0275	 -0.0019
17.1719	 -0.0262	 -0.0021
17.1797	 -0.0248	 -0.0023
17.1875	 -0.0235	 -0.0024
17.1953	 -0.0221	 -0.0026
17.2031	 -0.0208	 -0.0027
17.2109	 -0.0194	 -0.0028
17.2188	 -0.0180	 -0.0028
17.2266	 -0.0165	 -0.0029
17.2344	 -0.0151	 -0.0029
17.2422	 -0.0136	 -0.0029
17.2500	 -0.0121	 -0.0029
17.2578	 -0.0106	 -0.0029
17.2656	 -0.0090	 -0.0028
17.2734	 -0.0074	 -0.0028
17.2812	 -0.0058	 -0.0027
17.2891	 -0.0042	 -0.0027
17.2969	 -0.0025	 -0.0027
17.3047	 -0.0008	 -0.0026
17.3125	  0.0010	 -0.0026
17.3203	  0.0028	 -0.0026
17.3281	  0.0045	 -0.0025
17.3359	  0.0063	 -0.0026
17.3438	  0.0081	 -0.0026
17.3516	  0.0099	 -0.0026
17.3594	  0.0117	 -0.0026
17.3672	  0.0134	 -0.0027
17.3750	  0.0152	 -0.0028
17.3828	  0.0169	 -0.0029
17.3906	  0.0185	 -0.0030
17.3984	  0.0201	 -0.0030
17.4062	  0.0217	 -0.0031
17.4141	  0.0232	 -0.0032
17.4219	  0.0247	 -0.0033
17.4297	  0.0261	 -0.0034
17.4375	  0.0275	 -0.0034
17.4453	  0.0288	 -0.0034
17.4531	  0.0301	 -0.0034
17.4609	  0.0314	 -0.0034
17.4688	  0.0326	 -0.0034
17.4766	  0.0338	 -0.0033
17.4844	  0.0349	 -0.0032
17.4922	  0.0360	 -0.0032
17.5000	  0.0371	 -0.0030
17.5078	  0.0381	 -0.0029
17.5156	  0.0391	 -0.0028
17.5234	  0.0400	 -0.0027
17.5312	  0.0409	 -0.0025
17.5391	  0.0417	 -0.0024
17.5469	  0.0424	 -0.0023
17.5547	  0.0431	 -0.0021
17.5625	  0.0437	 -0.0020
17.5703	  0.0442	 -0.0019
17.5781	  0.0446	 -0.0019
17.5859	  0.0450	 -0.0018
17.5938	  0.0453	 -0.0018
17.6016	  0.0455	 -0.0017
17.6094	  0.0457	 -0.0017
17.6172	  0.0457	 -0.0017
17.6250	  0.0457	 -0.0018
17.6328	  0.0456	 -0.0018
17.6406	  0.0454	 -0.0018
17.6484	  0.0451	 -0.0018
17.6562	  0.0447	 -0.0018
17.6641	  0.0441	 -0.0018
17.6719	  0.0435	 -0.0018
17.6797	  0.0428	 -0.0018
17.6875	  0.0419	 -0.0017
17.6953	  0.0410	 -0.0016
17.7031	  0.0399	 -0.0015
17.7109	  0.0388	 -0.0014
17.7188	  0.0375	 -0.0012
17.7266	  0.0362	 -0.0010
17.7344	  0.0349	 -0.0008
17.7422	  0.0334	 -0.0006
17.7500	  0.0319	 -0.0004
17.7578	  0.0304	 -0.0002
17.7656	  0.0289	  0.0001
17.7734	  0.0273	  0.0003
17.7812	  0.0257	  0.0006
17.7891	  0.0240	  0.0008
17.7969	  0.0224	  0.0011
17.8047	  0.0207	  0.0013
17.8125	  0.0190	  0.0015
17.8203	  0.0174	  0.0017
17.8281	  0.0157	  0.0019
17.8359	  0.0140	  0.0020
17.8438	  0.0123	  0.0021
17.8516	  0.0105	  0.0022
17.8594	  0.0088	  0.0023
17.8672	  0.0070	  0.0023
17.8750	  0.0052	  0.0024
17.8828	  0.0034	  0.0024
17.8906	  0.0016	  0.0024
17.8984	 -0.0002	  0.0024
17.9062	 -0.0019	  0.0024
17.9141	 -0.0037	  0.0024
17.9219	 -0.0055	  0.0025
17.9297	 -0.0072	  0.0025
17.9375	 -0.0088	  0.0026
17.9453	 -0.0104	  0.0026
17.9531	 -0.0119	  0.0027
17.9609	 -0.0134	  0.0029
17.9688	 -0.0148	  0.0030
17.9766	 -0.0162	  0.0031
17.9844	 -0.0175	  0.0033
17.9922	 -0.0187	  0.0034
18.0000	 -0.0200	  0.0036
18.0078	 -0.0212	  0.0038
18.0156	 -0.0224	  0.0039
18.0234	 -0.0236	  0.0041
18.0312	 -0.0248	  0.0042
18.0391	 -0.0260	  0.0043
18.0469	 -0.0271	  0.0044
18.0547	 -0.0283	  0.0045
18.0625	 -0.0294	  0.0045
18.0703	 -0.0305	  0.0045
18.0781	 -0.0315	  0.0045
18.0859	 -0.0324	  0.0044
18.0938	 -0.0333	  0.0042
18.1016	 -0.0341	  0.0041
18.1094	 -0.0348	  0.0039
18.1172	 -0.0354	  0.0037
18.1250	 -0.0359	  0.0035
18.1328	 -0.0364	  0.0033
18.1406	 -0.0368	  0.0031
18.1484	 -0.0371	  0.0028
18.1562	 -0.0373	  0.0026
18.1641	 -0.0374	  0.0024
18.1719	 -0.0375	  0.0023
18.1797	 -0.0376	  0.0021
18.1875	 -0.0376	  0.0020
18.1953	 -0.0375	  0.0018
18.2031	 -0.0374	  0.0017
18.2109	 -0.0373	  0.0016
18.2188	 -0.0371	  0.0016
18.2266	 -0.0368	  0.0015
18.2344	 -0.0365	  0.0014
18.2422	 -0.0362	  0.0014
18.2500	 -0.0358	  0.0013
18.2578	 -0.0354	  0.0013
18.2656	 -0.0349	  0.0012
18.2734	 -0.0344	  0.0012
18.2812	 -0.0338	  0.0011
18.2891	 -0.0332	  0.0010
18.2969	 -0.0324	  0.0009
18.3047	 -0.0317	  0.0008
18.3125	 -0.0308	  0.0007
18.3203	 -0.0300	  0.0006
18.3281	 -0.0290	  0.0005
18.3359	 -0.0280	  0.0003
18.3438	 -0.0270	  0.0002
18.3516	 -0.0259	  0.0000
18.3594	 -0.0248	 -0.0002
18.3672	 -0.0237	 -0.0003
18.3750	 -0.0225	 -0.0005
18.3828	 -0.0213	 -0.0007
18.3906	 -0.0200	 -0.0008
18.3984	 -0.0188	 -0.0010
18.4062	 -0.0175	 -0.0011
18.4141	 -0.0162	 -0.0012
18.4219	 -0.0148	 -0.0013
18.4297	 -0.0135	 -0.0014
18.4375	 -0.0121	 -0.0015
18.4453	 -0.0106	 -0.0016
18.4531	 -0.0092	 -0.0016
18.4609	 -0.0077	 -0.0017
18.4688	 -0.0062	 -0.0017
18.4766	 -0.0046	 -0.0017
18.4844	 -0.0031	 -0.0017
18.4922	 -0.0015	 -0.0017
18.5000	  0.0001	 -0.0016
18.5078	  0.0017	 -0.0015
18.5156	  0.0033	 -0.0015
18.5234	  0.0048	 -0.0014
18.5312	  0.0064	 -0.0013
18.5391	  0.0079	 -0.0011
18.5469	  0.0094	 -0.0010
18.5547	  0.0108	 -0.0009
18.5625	  0.0122	 -0.0008
18.5703	  0.0136	 -0.0007
18.5781	  0.0149	 -0.0005
18.5859	  0.0162	 -0.0004
18.5938	  0.0175	 -0.0004
18.6016	  0.0187	 -0.0003
18.6094	  0.0199	 -0.0002
18.6172	  0.0211	 -0.0002
18.6250	  0.0222	 -0.0001
18.6328	  0.0233	 -0.0001
18.6406	  0.0244	 -0.0000
18.6484	  0.0254	  0.0000
18.6562	  0.0264	  0.0001
18.6641	  0.0274	  0.0001
18.6719	  0.0283	  0.0002
18.6797	  0.0292	  0.0002
18.6875	  0.0300	  0.0003
18.6953	  0.0307	  0.0004
18.7031	  0.0314	  0.0005
18.7109	  0.0320	  0.0006
18.7188	  0.0325	  0.0007
18.7266	  0.0330	  0.0008
18.7344	  0.0334	  0.0010
18.7422	  0.0337	  0.0012
18.7500	  0.0340	  0.0013
18.7578	  0.0341	  0.0015
18.7656	  0.0342	  0.0018
18.7734	  0.0342	  0.0020
18.7812	  0.0342	  0.0022
18.7891	  0.0340	  0.0024
18.7969	  0.0338	  0.0027
18.8047	  0.0334	  0.0029
18.8125	  0.0330	  0.0031
18.8203	  0.0325	  0.0033
18.8281	  0.0320	  0.0034
18.8359	  0.0314	  0.0035
18.8438	  0.0307	  0.0036
18.8516	  0.0300	  0.0037
18.8594	  0.0292	  0.0038
18.8672	  0.0284	  0.0038
18.8750	  0.0276	  0.0038
18.8828	  0.0267	  0.0037
18.8906	  0.0258	  0.0037
18.8984	  0.0249	  0.0036
18.9062	  0.0240	  0.0035
18.9141	  0.0230	  0.0034
18.9219	  0.0220	  0.0033
18.9297	  0.0211	  0.0032
18.9375	  0.0200	  0.0031
18.9453	  0.0190	  0.0030
18.9531	  0.0180	  0.0029
18.9609	  0.0170	  0.0028
18.9688	  0.0159	  0.0027
18.9766	  0.0148	  0.0027
18.9844	  0.0137	  0.0026
18.9922	  0.0126	  0.0026
19.0000	  0.0115	  0.0026
19.0078	  0.0104	  0.0027
19.0156	  0.0093	  0.0027
19.0234	  0.0081	  0.0028
19.0312	  0.0069	  0.0029
19.0391	  0.0057	  0.0031
19.0469	  0.0046	  0.0032
19.0547	  0.0034	  0.0033
19.0625	  0.0022	  0.0034
19.0703	  0.0011	  0.0035
19.0781	 -0.0001	  0.0036
19.0859	 -0.0011	  0.0036
19.0938	 -0.0022	  0.0036
19.1016	 -0.0032	  0.0036
19.1094	 -0.0042	  0.0036
19.1172	 -0.0052	  0.0035
19.1250	 -0.0061	  0.0034
19.1328	 -0.0070	  0.0033
19.1406	 -0.0079	  0.0032
19.1484	 -0.0088	  0.0031
19.1562	 -0.0097	  0.0029
19.1641	 -0.0105	  0.0028
19.1719	 -0.0113	  0.0026
19.1797	 -0.0121	  0.0025
19.1875	 -0.0129	  0.0024
19.1953	 -0.0136	  0.0022
19.2031	 -0.0143	  0.0021
19.2109	 -0.0150	  0.0020
19.2188	 -0.0156	  0.0019
19.2266	 -0.0161	  0.0019
19.2344	 -0.0166	  0.0019
19.2422	 -0.0171	  0.0019
19.2500	 -0.0175	  0.0019
19.2578	 -0.0179	  0.0019
19.2656	 -0.0182	  0.0020
19.2734	 -0.0185	  0.0020
19.2812	 -0.0188	  0.0021
19.2891	 -0.0190	  0.0022
19.2969	 -0.0193	  0.0022
19.3047	 -0.0195	  0.0023
19.3125	 -0.0197	  0.0023
19.3203	 -0.0199	  0.0023
19.3281	 -0.0202	  0.0023
19.3359	 -0.0204	  0.0023
19.3438	 -0.0206	  0.0022
19.3516	 -0.0208	  0.0021
19.3594	 -0.0210	  0.0020
19.3672	 -0.0211	  0.0019
19.3750	 -0.0213	  0.0018
19.3828	 -0.0214	  0.0016
19.3906	 -0.0215	  0.0015
19.3984	 -0.0215	  0.0014
19.4062	 -0.0216	  0.0012
19.4141	 -0.0215	  0.0011
19.4219	 -0.0214	  0.0009
19.4297	 -0.0213	  0.0008
19.4375	 -0.0211	  0.0007
19.4453	 -0.0209	  0.0006
19.4531	 -0.0205	  0.0005
19.4609	 -0.0201	  0.0004
19.4688	 -0.0197	  0.0003
19.4766	 -0.0192	  0.0002
19.4844	 -0.0186	  0.0002
19.4922	 -0.0180	  0.0002
19.5000	 -0.0174	  0.0002
19.5078	 -0.0167	  0.0002
19.5156	 -0.0160	  0.0002
19.5234	 -0.0152	  0.0003
19.5312	 -0.0145	  0.0004
19.5391	 -0.0137	  0.0004
19.5469	 -0.0129	  0.0005
19.5547	 -0.0122	  0.0006
19.5625	 -0.0114	  0.0007
19.5703	 -0.0106	  0.0008
19.5781	 -0.0099	  0.0009
19.5859	 -0.0092	  0.0009
19.5938	 -0.0084	  0.0010
19.6016	 -0.0077	  0.0011
19.6094	 -0.0070	  0.0011
19.6172	 -0.0063	  0.0011
19.6250	 -0.0056	  0.0012
19.6328	 -0.0049	  0.0012
19.6406	 -0.0042	  0.0012
19.6484	 -0.0035	  0.0012
19.6562	 -0.0028	  0.0012
19.6641	 -0.0020	  0.0012
19.6719	 -0.0013	  0.0011
19.6797	 -0.0005	  0.0011
19.6875	  0.0003	  0.0011
19.6953	  0.0011	  0.0011
19.7031	  0.0020	  0.0010
19.7109	  0.0028	  0.0010
19.7188	  0.0037	  0.0010
19.7266	  0.0045	  0.0010
19.7344	  0.0054	  0.0009
19.7422	  0.0062	  0.0009
19.7500	  0.0071	  0.0010
19.7578	  0.0079	  0.0010
19.7656	  0.0087	  0.0010
19.7734	  0.0095	  0.0011
19.7812	  0.0102	  0.0012
19.7891	  0.0109	  0.0013
19.7969	  0.0116	  0.0014
19.8047	  0.0123	  0.0015
19.8125	  0.0129	  0.0016
19.8203	  0.0134	  0.0017
19.8281	  0.0139	  0.0018
19.8359	  0.0144	  0.0019
19.8438	  0.0149	  0.0020
19.8516	  0.0153	  0.0021
19.8594	  0.0156	  0.0022
19.8672	  0.0159	  0.0022
19.8750	  0.0162	  0.0023
19.8828	  0.0164	  0.0024
19.8906	  0.0166	  0.0024
19.8984	  0.0168	  0.0024
19.9062	  0.0169	  0.0025
19.9141	  0.0169	  0.0025
19.9219	  0.0170	  0.0025
19.9297	  0.0170	  0.0026
19.9375	  0.0170	  0.0026
19.9453	  0.0170	  0.0026
19.9531	  0.0169	  0.0026
19.9609	  0.0169	  0.0026
19.9688	  0.0168	  0.0025
19.9766	  0.0167	  0.0025
19.9844	  0.0167	  0.0025
19.9922	  0.0166	  0.0025
20.0000	  0.0164	  0.0025
20.0078	  0.0163	  0.0025
20.0156	  0.0161	  0.0025
20.0234	  0.0159	  0.0025
20.0312	  0.0157	  0.0025
20.0391	  0.0155	  0.0025
20.0469	  0.0152	  0.0026
20.0547	  0.0149	  0.0026
20.0625	  0.0145	  0.0027
20.0703	  0.0142	  0.0028
20.0781	  0.0137	  0.0028
20.0859	  0.0133	  0.0029
20.0938	  0.0129	  0.0029
20.1016	  0.0124	  0.0029
20.1094	  0.0119	  0.0030
20.1172	  0.0114	  0.0030
20.1250	  0.0109	  0.0030
20.1328	  0.0104	  0.0031
20.1406	  0.0099	  0.0031
20.1484	  0.0094	  0.0031
20.1562	  0.0089	  0.0031
20.1641	  0.0084	  0.0031
20.1719	  0.0079	  0.0031
20.1797	  0.0074	  0.0031
20.1875	  0.0069	  0.0031
20.1953	  0.0064	  0.0030
20.2031	  0.0059	  0.0030
20.2109	  0.0054	  0.0029
20.2188	  0.0049	  0.0028
20.2266	  0.0044	  0.0028
20.2344	  0.0039	  0.0027
20.2422	  0.0033	  0.0026
20.2500	  0.0028	  0.0025
20.2578	  0.0022	  0.0024
20.2656	  0.0016	  0.0023
20.2734	  0.0010	  0.0022
20.2812	  0.0004	  0.0022
20.2891	 -0.0002	  0.0021
20.2969	 -0.0008	  0.0021
20.3047	 -0.0015	  0.0020
20.3125	 -0.0021	  0.0020
20.3203	 -0.0027	  0.0019
20.3281	 -0.0033	  0.0019
20.3359	 -0.0039	  0.0019
20.3438	 -0.0045	  0.0019
20.3516	 -0.0051	  0.0018
20.3594	 -0.0056	  0.0018
20.3672	 -0.0062	  0.0018
20.3750	 -0.0067	  0.0018
20.3828	 -0.0073	  0.0018
20.3906	 -0.0078	  0.0018
20.3984	 -0.0083	  0.0018
20.4062	 -0.0087	  0.0018
20.4141	 -0.0092	  0.0019
20.4219	 -0.0097	  0.0019
20.4297	 -0.0101	  0.0019
20.4375	 -0.0105	  0.0020
20.4453	 -0.0109	  0.0020
20.4531	 -0.0113	  0.0020
20.4609	 -0.0116	  0.0020
20.4688	 -0.0120	  0.0020
20.4766	 -0.0122	  0.0019
20.4844	 -0.0125	  0.0019
20.4922	 -0.0127	  0.0018
20.5000	 -0.0129	  0.0018
20.5078	 -0.0131	  0.0017
20.5156	 -0.0132	  0.0016
20.5234	 -0.0134	  0.0016
20.5312	 -0.0135	  0.0015
20.5391	 -0.0136	  0.0014
20.5469	 -0.0137	  0.0014
20.5547	 -0.0138	  0.0013
20.5625	 -0.0138	  0.0013
20.5703	 -0.0139	  0.0012
20.5781	 -0.0139	  0.0012
20.5859	 -0.0139	  0.0012
20.5938	 -0.0138	  0.0011
20.6016	 -0.0137	  0.0011
20.6094	 -0.0136	  0.0011
20.6172	 -0.0134	  0.0010
20.6250	 -0.0132	  0.0010
20.6328	 -0.0129	  0.0010
20.6406	 -0.0126	  0.0011
20.6484	 -0.0122	  0.0011
20.6562	 -0.0117	  0.0011
20.6641	 -0.0112	  0.0012
20.6719	 -0.0107	  0.0012
20.6797	 -0.0101	  0.0013
20.6875	 -0.0095	  0.0013
20.6953	 -0.0089	  0.0014
20.7031	 -0.0083	  0.0014
20.7109	 -0.0076	  0.0014
20.7188	 -0.0070	  0.0014
20.7266	 -0.0063	  0.0014
20.7344	 -0.0057	  0.0013
20.7422	 -0.0051	  0.0012
20.7500	 -0.0044	  0.0012
20.7578	 -0.0038	  0.0011
20.7656	 -0.0032	  0.0009
20.7734	 -0.0026	  0.0008
20.7812	 -0.0020	  0.0007
20.7891	 -0.0014	  0.0006
20.7969	 -0.0008	  0.0005
20.8047	 -0.0002	  0.0004
20.8125	  0.0004	  0.0003
20.8203	  0.0009	  0.0002
20.8281	  0.0015	  0.0001
20.8359	  0.0020	  0.0001
20.8438	  0.0026	 -0.0000
20.8516	  0.0031	 -0.0001
20.8594	  0.0036	 -0.0001
20.8672	  0.0041	 -0.0001
20.8750	  0.0046	 -0.0001
20.8828	  0.0051	 -0.0002
20.8906	  0.0055	 -0.0001
20.8984	  0.0060	 -0.0001
20.9062	  0.0063	 -0.0001
20.9141	  0.0067	 -0.0000
20.9219	  0.0071	  0.0000
20.9297	  0.0074	  0.0001
20.9375	  0.0077	  0.0002
20.9453	  0.0079	  0.0002
20.9531	  0.0081	  0.0003
20.9609	  0.0083	  0.0004
20.9688	  0.0085	  0.0004
20.9766	  0.0087	  0.0004
20.9844	  0.0088	  0.0005
20.9922	  0.0090	  0.0005
21.0000	  0.0091	  0.0004
21.0078	  0.0092	  0.0004
21.0156	  0.0094	  0.0004
21.0234	  0.0095	  0.0004
21.0312	  0.0096	  0.0003
21.0391	  0.0098	  0.0003
21.0469	  0.0100	  0.0003
21.0547	  0.0101	  0.0003
21.0625	  0.0103	  0.0003
21.0703	  0.0105	  0.0003
21.0781	  0.0107	  0.0003
21.0859	  0.0108	  0.0003
21.0938	  0.0110	  0.0003
21.1016	  0.0111	  0.0003
21.1094	  0.0112	  0.0003
21.1172	  0.0113	  0.0003
21.1250	  0.0113	  0.0003
21.1328	  0.0113	  0.0003
21.1406	  0.0112	  0.0004
21.1484	  0.0111	  0.0004
21.1562	  0.0109	  0.0004
21.1641	  0.0106	  0.0005
21.1719	  0.0103	  0.0006
21.1797	  0.0100	  0.0006
21.1875	  0.0096	  0.0007
21.1953	  0.0091	  0.0008
21.2031	  0.0086	  0.0009
21.2109	  0.0081	  0.0009
21.2188	  0.0075	  0.0010
21.2266	  0.0070	  0.0010
21.2344	  0.0064	  0.0011
21.2422	  0.0058	  0.0011
21.2500	  0.0053	  0.0012
21.2578	  0.0047	  0.0012
21.2656	  0.0042	  0.0012
21.2734	  0.0037	  0.0012
21.2812	  0.0032	  0.0012
21.2891	  0.0028	  0.0012
21.2969	  0.0024	  0.0012
21.3047	  0.0020	  0.0012
21.3125	  0.0016	  0.0013
21.3203	  0.0012	  0.0013
21.3281	  0.0009	  0.0014
21.3359	  0.0006	  0.0014
21.3438	  0.0003	  0.0014
21.3516	 -0.0000	  0.0015
21.3594	 -0.0003	  0.0015
21.3672	 -0.0006	  0.0015
21.3750	 -0.0009	  0.0015
21.3828	 -0.0011	  0.0016
21.3906	 -0.0014	  0.0016
21.3984	 -0.0017	  0.0016
21.4062	 -0.0020	  0.0016
21.4141	 -0.0024	  0.0016
21.4219	 -0.0027	  0.0017
21.4297	 -0.0030	  0.0017
21.4375	 -0.0034	  0.0017
21.4453	 -0.0038	  0.0018
21.4531	 -0.0041	  0.0018
21.4609	 -0.0045	  0.0018
21.4688	 -0.0049	  0.0019
21.4766	 -0.0052	  0.0019
21.4844	 -0.0056	  0.0019
21.4922	 -0.0060	  0.0019
21.5000	 -0.0063	  0.0019
21.5078	 -0.0066	  0.0018
21.5156	 -0.0070	  0.0018
21.5234	 -0.0073	  0.0017
21.5312	 -0.0075	  0.0017
21.5391	 -0.0078	  0.0016
21.5469	 -0.0081	  0.0016
21.5547	 -0.0083	  0.0015
21.5625	 -0.0085	  0.0015
21.5703	 -0.0087	  0.0014
21.5781	 -0.0089	  0.0014
21.5859	 -0.0090	  0.0014
21.5938	 -0.0092	  0.0014
21.6016	 -0.0093	  0.0013
21.6094	 -0.0094	  0.0013
21.6172	 -0.0094	  0.0012
21.6250	 -0.0094	  0.0012
21.6328	 -0.0094	  0.0011
21.6406	 -0.0094	  0.0010
21.6484	 -0.0094	  0.0009
21.6562	 -0.0093	  0.0009
21.6641	 -0.0093	  0.0008
21.6719	 -0.0092	  0.0007
21.6797	 -0.0091	  0.0006
21.6875	 -0.0090	  0.0005
21.6953	 -0.0089	  0.0005
21.7031	 -0.0088	  0.0004
21.7109	 -0.0087	  0.0003
21.7188	 -0.0086	  0.0003
21.7266	 -0.0085	  0.0002
21.7344	 -0.0085	  0.0001
21.7422	 -0.0084	  0.0000
21.7500	 -0.0083	 -0.0001
21.7578	 -0.0082	 -0.0002
21.7656	 -0.0080	 -0.0003
21.7734	 -0.0079	 -0.0004
21.7812	 -0.0077	 -0.0006
21.7891	 -0.0076	 -0.0007
21.7969	 -0.0073	 -0.0008
21.8047	 -0.0071	 -0.0009
21.8125	 -0.0068	 -0.0010
21.8203	 -0.0065	 -0.0010
21.8281	 -0.0062	 -0.0011
21.8359	 -0.0058	 -0.0011
21.8438	 -0.0054	 -0.0011
21.8516	 -0.0050	 -0.0012
21.8594	 -0.0046	 -0.0012
21.8672	 -0.0041	 -0.0012
21.8750	 -0.0036	 -0.0012
21.8828	 -0.0030	 -0.0012
21.8906	 -0.0025	 -0.0012
21.8984	 -0.0019	 -0.0012
21.9062	 -0.0012	 -0.0012
21.9141	 -0.0006	 -0.0012
21.9219	  0.0001	 -0.0012
21.9297	  0.0008	 -0.0012
21.9375	  0.0016	 -0.0012
21.9453	  0.0023	 -0.0012
21.9531	  0.0031	 -0.0012
21.9609	  0.0039	 -0.0012
21.9688	  0.0046	 -0.0012
21.9766	  0.0054	 -0.0012
21.9844	  0.0061	 -0.0012
21.9922	  0.0068	 -0.0012
22.0000	  0.0075	 -0.0012
22.0078	  0.0081	 -0.0013
22.0156	  0.0087	 -0.0013
22.0234	  0.0092	 -0.0014
22.0312	  0.0097	 -0.0015
22.0391	  0.0101	 -0.0016
22.0469	  0.0104	 -0.0017
22.0547	  0.0107	 -0.0018
22.0625	  0.0109	 -0.0019
22.0703	  0.0111	 -0.0019
22.0781	  0.0112	 -0.0020
22.0859	  0.0113	 -0.0021
22.0938	  0.0113	 -0.0021
22.1016	  0.0113	 -0.0021
22.1094	  0.0112	 -0.0022
22.1172	  0.0111	 -0.0022
22.1250	  0.0110	 -0.0022
22.1328	  0.0109	 -0.0022
22.1406	  0.0108	 -0.0022
22.1484	  0.0106	 -0.0022
22.1562	  0.0105	 -0.0022
22.1641	  0.0103	 -0.0021
22.1719	  0.0102	 -0.0021
22.1797	  0.0100	 -0.0021
22.1875	  0.0098	 -0.0020
22.1953	  0.0096	 -0.0019
22.2031	  0.0094	 -0.0019
22.2109	  0.0092	 -0.0018
22.2188	  0.0089	 -0.0017
22.2266	  0.0086	 -0.0016
22.2344	  0.0084	 -0.0015
22.2422	  0.0081	 -0.0013
22.2500	  0.0078	 -0.0012
22.2578	  0.0074	 -0.0012
22.2656	  0.0071	 -0.0011
22.2734	  0.0067	 -0.0010
22.2812	  0.0063	 -0.0010
22.2891	  0.0059	 -0.0009
22.2969	  0.0054	 -0.0009
22.3047	  0.0050	 -0.0009
22.3125	  0.0045	 -0.0009
22.3203	  0.0040	 -0.0009
22.3281	  0.0036	 -0.0009
22.3359	  0.0031	 -0.0009
22.3438	  0.0026	 -0.0009
22.3516	  0.0021	 -0.0009
22.3594	  0.0015	 -0.0009
22.3672	  0.0010	 -0.0009
22.3750	  0.0005	 -0.0009
22.3828	  0.0001	 -0.0009
22.3906	 -0.0004	 -0.0008
22.3984	 -0.0009	 -0.0008
22.4062	 -0.0013	 -0.0008
22.4141	 -0.0018	 -0.0008
22.4219	 -0.0022	 -0.0008
22.4297	 -0.0026	 -0.0008
22.4375	 -0.0030	 -0.0007
22.4453	 -0.0033	 -0.0007
22.4531	 -0.0037	 -0.0006
22.4609	 -0.0040	 -0.0006
22.4688	 -0.0043	 -0.0005
22.4766	 -0.0045	 -0.0004
22.4844	 -0.0048	 -0.0003
22.4922	 -0.0050	 -0.0002
22.5000	 -0.0052	 -0.0001
22.5078	 -0.0053	  0.0001
22.5156	 -0.0055	  0.0002
22.5234	 -0.0056	  0.0002
22.5312	 -0.0057	  0.0003
22.5391	 -0.0058	  0.0004
22.5469	 -0.0059	  0.0004
22.5547	 -0.0060	  0.0005
22.5625	 -0.0061	  0.0005
22.5703	 -0.0062	  0.0005
22.5781	 -0.0063	  0.0005
22.5859	 -0.0065	  0.0004
22.5938	 -0.0066	  0.0004
22.6016	 -0.0068	  0.0004
22.6094	 -0.0069	  0.0003
22.6172	 -0.0071	  0.0003
22.6250	 -0.0074	  0.0003
22.6328	 -0.0076	  0.0002
22.6406	 -0.0078	  0.0002
22.6484	 -0.0081	  0.0001
22.6562	 -0.0084	  0.0001
22.6641	 -0.0086	 -0.0000
22.6719	 -0.0089	 -0.0000
22.6797	 -0.0091	 -0.0001
22.6875	 -0.0093	 -0.0001
22.6953	 -0.0095	 -0.0002
22.7031	 -0.0097	 -0.0002
22.7109	 -0.0099	 -0.0002
22.7188	 -0.0100	 -0.0002
22.7266	 -0.0101	 -0.0002
22.7344	 -0.0101	 -0.0002
22.7422	 -0.0101	 -0.0001
22.7500	 -0.0101	 -0.0001
22.7578	 -0.0100	 -0.0000
22.7656	 -0.0100	  0.0000
22.7734	 -0.0098	  0.0001
22.7812	 -0.0097	  0.0001
22.7891	 -0.0095	  0.0001
22.7969	 -0.0093	  0.0002
22.8047	 -0.0091	  0.0002
22.8125	 -0.0088	  0.0002
22.8203	 -0.0086	  0.0001
22.8281	 -0.0083	  0.0001
22.8359	 -0.0080	  0.0001
22.8438	 -0.0077	 -0.0000
22.8516	 -0.0074	 -0.0001
22.8594	 -0.0071	 -0.0002
22.8672	 -0.0068	 -0.0003
22.8750	 -0.0065	 -0.0004
22.8828	 -0.0061	 -0.0005
22.8906	 -0.0057	 -0.0006
22.8984	 -0.0053	 -0.0008
22.9062	 -0.0048	 -0.0009
22.9141	 -0.0043	 -0.0010
22.9219	 -0.0038	 -0.0012
22.9297	 -0.0032	 -0.0013
22.9375	 -0.0025	 -0.0015
22.9453	 -0.0019	 -0.0017
22.9531	 -0.0011	 -0.0018
22.9609	 -0.0003	 -0.0020
22.9688	  0.0005	 -0.0021
22.9766	  0.0013	 -0.0023
22.9844	  0.0022	 -0.0024
22.9922	  0.0031	 -0.0025
23.0000	  0.0040	 -0.0026
23.0078	  0.0049	 -0.0027
23.0156	  0.0057	 -0.0027
23.0234	  0.0066	 -0.0028
23.0312	  0.0074	 -0.0028
23.0391	  0.0082	 -0.0029
23.0469	  0.0089	 -0.0029
23.0547	  0.0095	 -0.0029
23.0625	  0.0101	 -0.0029
23.0703	  0.0106	 -0.0029
23.0781	  0.0110	 -0.0029
23.0859	  0.0114	 -0.0029
23.0938	  0.0116	 -0.0029
23.1016	  0.0118	 -0.0029
23.1094	  0.0119	 -0.0029
23.1172	  0.0120	 -0.0028
23.1250	  0.0119	 -0.0028
23.1328	  0.0118	 -0.0028
23.1406	  0.0117	 -0.0028
23.1484	  0.0115	 -0.0028
23.1562	  0.0112	 -0.0028
23.1641	  0.0109	 -0.0028
23.1719	  0.0106	 -0.0028
23.1797	  0.0102	 -0.0028
23.1875	  0.0098	 -0.0028
23.1953	  0.0094	 -0.0028
23.2031	  0.0090	 -0.0028
23.2109	  0.0086	 -0.0029
23.2188	  0.0081	 -0.0029
23.2266	  0.0077	 -0.0029
23.2344	  0.0072	 -0.0030
23.2422	  0.0067	 -0.0030
23.2500	  0.0062	 -0.0030
23.2578	  0.0057	 -0.0031
23.2656	  0.0053	 -0.0031
23.2734	  0.0048	 -0.0031
23.2812	  0.0043	 -0.0031
23.2891	  0.0038	 -0.0031
23.2969	  0.0033	 -0.0031
23.3047	  0.0029	 -0.0030
23.3125	  0.0024	 -0.0030
23.3203	  0.0020	 -0.0029
23.3281	  0.0016	 -0.0029
23.3359	  0.0012	 -0.0028
23.3438	  0.0008	 -0.0027
23.3516	  0.0005	 -0.0027
23.3594	  0.0002	 -0.0026
23.3672	 -0.0001	 -0.0025
23.3750	 -0.0003	 -0.0024
23.3828	 -0.0006	 -0.0023
23.3906	 -0.0008	 -0.0023
23.3984	 -0.0010	 -0.0022
23.4062	 -0.0012	 -0.0020
23.4141	 -0.0014	 -0.0019
23.4219	 -0.0016	 -0.0018
23.4297	 -0.0018	 -0.0017
23.4375	 -0.0020	 -0.0016
23.4453	 -0.0022	 -0.0014
23.4531	 -0.0024	 -0.0013
23.4609	 -0.0025	 -0.0012
23.4688	 -0.0026	 -0.0011
23.4766	 -0.0028	 -0.0010
23.4844	 -0.0029	 -0.0009
23.4922	 -0.0030	 -0.0008
23.5000	 -0.0030	 -0.0007
23.5078	 -0.0030	 -0.0006
23.5156	 -0.0030	 -0.0006
23.5234	 -0.0030	 -0.0005
23.5312	 -0.0030	 -0.0005
23.5391	 -0.0030	 -0.0005
23.5469	 -0.0029	 -0.0004
23.5547	 -0.0028	 -0.0004
23.5625	 -0.0028	 -0.0004
23.5703	 -0.0027	 -0.0004
23.5781	 -0.0027	 -0.0005
23.5859	 -0.0027	 -0.0005
23.5938	 -0.0028	 -0.0005
23.6016	 -0.0028	 -0.0006
23.6094	 -0.0029	 -0.0007
23.6172	 -0.0031	 -0.0007
23.6250	 -0.0033	 -0.0008
23.6328	 -0.0035	 -0.0009
23.6406	 -0.0037	 -0.0011
23.6484	 -0.0040	 -0.0012
23.6562	 -0.0043	 -0.0013
23.6641	 -0.0046	 -0.0014
23.6719	 -0.0049	 -0.0015
23.6797	 -0.0052	 -0.0015
23.6875	 -0.0055	 -0.0016
23.6953	 -0.0058	 -0.0016
23.7031	 -0.0061	 -0.0016
23.7109	 -0.0065	 -0.0016
23.7188	 -0.0068	 -0.0016
23.7266	 -0.0070	 -0.0016
23.7344	 -0.0073	 -0.0015
23.7422	 -0.0076	 -0.0015
23.7500	 -0.0078	 -0.0014
23.7578	 -0.0080	 -0.0013
23.7656	 -0.0082	 -0.0013
23.7734	 -0.0084	 -0.0012
23.7812	 -0.0085	 -0.0011
23.7891	 -0.0086	 -0.0010
23.7969	 -0.0087	 -0.0009
23.8047	 -0.0088	 -0.0008
23.8125	 -0.0088	 -0.0008
23.8203	 -0.0087	 -0.0007
23.8281	 -0.0087	 -0.0006
23.8359	 -0.0086	 -0.0006
23.8438	 -0.0084	 -0.0005
23.8516	 -0.0083	 -0.0005
23.8594	 -0.0081	 -0.0005
23.8672	 -0.0078	 -0.0005
23.8750	 -0.0076	 -0.0005
23.8828	 -0.0073	 -0.0006
23.8906	 -0.0070	 -0.0007
23.8984	 -0.0067	 -0.0007
23.9062	 -0.0063	 -0.0008
23.9141	 -0.0059	 -0.0010
23.9219	 -0.0055	 -0.0011
23.9297	 -0.0051	 -0.0012
23.9375	 -0.0046	 -0.0013
23.9453	 -0.0041	 -0.0013
23.9531	 -0.0035	 -0.0014
23.9609	 -0.0029	 -0.0015
23.9688	 -0.0023	 -0.0015
23.9766	 -0.0016	 -0.0015
23.9844	 -0.0009	 -0.0015
23.9922	 -0.0001	 -0.0015
24.0000	  0.0006	 -0.0015
24.0078	  0.0014	 -0.0015
24.0156	  0.0023	 -0.0015
24.0234	  0.0031	 -0.0015
24.0312	  0.0039	 -0.0014
24.0391	  0.0046	 -0.0014
24.0469	  0.0054	 -0.0014
24.0547	  0.0061	 -0.0013
24.0625	  0.0067	 -0.0013
24.0703	  0.0073	 -0.0012
24.0781	  0.0079	 -0.0012
24.0859	  0.0083	 -0.0012
24.0938	  0.0087	 -0.0011
24.1016	  0.0091	 -0.0010
24.1094	  0.0093	 -0.0010
24.1172	  0.0095	 -0.0010
24.1250	  0.0096	 -0.0009
24.1328	  0.0096	 -0.0009
24.1406	  0.0096	 -0.0009
24.1484	  0.0095	 -0.0009
24.1562	  0.0094	 -0.0009
24.1641	  0.0092	 -0.0010
24.1719	  0.0090	 -0.0010
24.1797	  0.0087	 -0.0011
24.1875	  0.0084	 -0.0012
24.1953	  0.0081	 -0.0012
24.2031	  0.0077	 -0.0013
24.2109	  0.0073	 -0.0014
24.2188	  0.0069	 -0.0015
24.2266	  0.0065	 -0.0015
24.2344	  0.0060	 -0.0016
24.2422	  0.0056	 -0.0017
24.2500	  0.0051	 -0.0018
24.2578	  0.0046	 -0.0018
24.2656	  0.0041	 -0.0019
24.2734	  0.0037	 -0.0020
24.2812	  0.0032	 -0.0021
24.2891	  0.0027	 -0.0021
24.2969	  0.0022	 -0.0022
24.3047	  0.0018	 -0.0023
24.3125	  0.0014	 -0.0024
24.3203	  0.0010	 -0.0024
24.3281	  0.0006	 -0.0025
24.3359	  0.0003	 -0.0025
24.3438	 -0.0000	 -0.0025
24.3516	 -0.0003	 -0.0025
24.3594	 -0.0005	 -0.0025
24.3672	 -0.0007	 -0.0024
24.3750	 -0.0008	 -0.0023
24.3828	 -0.0009	 -0.0023
24.3906	 -0.0010	 -0.0022
24.3984	 -0.0011	 -0.0021
24.4062	 -0.0011	 -0.0020
24.4141	 -0.0011	 -0.0019
24.4219	 -0.0010	 -0.0018
24.4297	 -0.0010	 -0.0017
24.4375	 -0.0009	 -0.0016
24.4453	 -0.0008	 -0.0015
24.4531	 -0.0006	 -0.0015
24.4609	 -0.0005	 -0.0014
24.4688	 -0.0003	 -0.0014
24.4766	 -0.0002	 -0.0013
24.4844	 -0.0000	 -0.0013
24.4922	  0.0001	 -0.0013
24.5000	  0.0003	 -0.0013
24.5078	  0.0004	 -0.0013
24.5156	  0.0005	 -0.0013
24.5234	  0.0006	 -0.0013
24.5312	  0.0007	 -0.0014
24.5391	  0.0007	 -0.0014
24.5469	  0.0008	 -0.0014
24.5547	  0.0008	 -0.0015
24.5625	  0.0008	 -0.0016
24.5703	  0.0008	 -0.0016
24.5781	  0.0007	 -0.0017
24.5859	  0.0006	 -0.0018
24.5938	  0.0005	 -0.0019
24.6016	  0.0004	 -0.0019
24.6094	  0.0002	 -0.0020
24.6172	  0.0000	 -0.0020
24.6250	 -0.0002	 -0.0020
24.6328	 -0.0005	 -0.0020
24.6406	 -0.0008	 -0.0020
24.6484	 -0.0011	 -0.0019
24.6562	 -0.0015	 -0.0018
24.6641	 -0.0019	 -0.0018
24.6719	 -0.0023	 -0.0017
24.6797	 -0.0027	 -0.0016
24.6875	 -0.0032	 -0.0015
24.6953	 -0.0036	 -0.0014
24.7031	 -0.0041	 -0.0013
24.7109	 -0.0046	 -0.0012
24.7188	 -0.0050	 -0.0011
24.7266	 -0.0054	 -0.0009
24.7344	 -0.0059	 -0.0008
24.7422	 -0.0063	 -0.0008
24.7500	 -0.0066	 -0.0007
24.7578	 -0.0070	 -0.0006
24.7656	 -0.0073	 -0.0005
24.7734	 -0.0076	 -0.0004
24.7812	 -0.0078	 -0.0003
24.7891	 -0.0080	 -0.0002
24.7969	 -0.0082	 -0.0001
24.8047	 -0.0083	 -0.0001
24.8125	 -0.0084	 -0.0000
24.8203	 -0.0085	  0.0000
24.8281	 -0.0085	  0.0000
24.8359	 -0.0085	  0.0000
24.8438	 -0.0085	  0.0000
24.8516	 -0.0084	 -0.0000
24.8594	 -0.0082	 -0.0001
24.8672	 -0.0081	 -0.0001
24.8750	 -0.0079	 -0.0002
24.8828	 -0.0076	 -0.0003
24.8906	 -0.0073	 -0.0003
24.8984	 -0.0070	 -0.0004
24.9062	 -0.0066	 -0.0005
24.9141	 -0.0062	 -0.0005
24.9219	 -0.0058	 -0.0006
24.9297	 -0.0053	 -0.0006
24.9375	 -0.0048	 -0.0006
24.9453	 -0.0043	 -0.0006
24.9531	 -0.0038	 -0.0006
24.9609	 -0.0033	 -0.0006
24.9688	 -0.0027	 -0.0006
24.9766	 -0.0022	 -0.0006
24.9844	 -0.0017	 -0.0005
24.9922	 -0.0011	 -0.0005
25.0000	 -0.0006	 -0.0004
25.0078	 -0.0001	 -0.0004
25.0156	  0.0004	 -0.0003
25.0234	  0.0009	 -0.0003
25.0312	  0.0013	 -0.0002
25.0391	  0.0018	 -0.0001
25.0469	  0.0023	 -0.0000
25.0547	  0.0027	  0.0000
25.0625	  0.0031	  0.0001
25.0703	  0.0036	  0.0002
25.0781	  0.0040	  0.0003
25.0859	  0.0044	  0.0004
25.0938	  0.0047	  0.0004
25.1016	  0.0051	  0.0005
25.1094	  0.0054	  0.0005
25.1172	  0.0057	  0.0006
25.1250	  0.0060	  0.0006
25.1328	  0.0062	  0.0006
25.1406	  0.0065	  0.0006
25.1484	  0.0067	  0.0005
25.1562	  0.0068	  0.0005
25.1641	  0.0069	  0.0005
25.1719	  0.0070	  0.0004
25.1797	  0.0071	  0.0004
25.1875	  0.0071	  0.0003
25.1953	  0.0071	  0.0003
25.2031	  0.0071	  0.0002
25.2109	  0.0070	  0.0002
25.2188	  0.0069	  0.0001
25.2266	  0.0068	  0.0001
25.2344	  0.0067	  0.0000
25.2422	  0.0065	 -0.0000
25.2500	  0.0063	 -0.0001
25.2578	  0.0061	 -0.0001
25.2656	  0.0059	 -0.0002
25.2734	  0.0056	 -0.0003
25.2812	  0.0053	 -0.0004
25.2891	  0.0050	 -0.0004
25.2969	  0.0047	 -0.0005
25.3047	  0.0044	 -0.0006
25.3125	  0.0041	 -0.0006
25.3203	  0.0037	 -0.0007
25.3281	  0.0034	 -0.0007
25.3359	  0.0031	 -0.0007
25.3438	  0.0027	 -0.0007
25.3516	  0.0024	 -0.0006
25.3594	  0.0021	 -0.0005
25.3672	  0.0018	 -0.0005
25.3750	  0.0016	 -0.0004
25.3828	  0.0013	 -0.0003
25.3906	  0.0011	 -0.0001
25.3984	  0.0009	  0.0000
25.4062	  0.0007	  0.0002
25.4141	  0.0006	  0.0003
25.4219	  0.0005	  0.0004
25.4297	  0.0003	  0.0006
25.4375	  0.0003	  0.0007
25.4453	  0.0002	  0.0009
25.4531	  0.0001	  0.0010
25.4609	  0.0000	  0.0011
25.4688	 -0.0000	  0.0012
25.4766	 -0.0001	  0.0013
25.4844	 -0.0002	  0.0014
25.4922	 -0.0002	  0.0015
25.5000	 -0.0003	  0.0015
25.5078	 -0.0004	  0.0015
25.5156	 -0.0005	  0.0015
25.5234	 -0.0006	  0.0015
25.5312	 -0.0007	  0.0014
25.5391	 -0.0008	  0.0013
25.5469	 -0.0009	  0.0011
25.5547	 -0.0010	  0.0009
25.5625	 -0.0011	  0.0007
25.5703	 -0.0012	  0.0005
25.5781	 -0.0013	  0.0003
25.5859	 -0.0014	  0.0001
25.5938	 -0.0015	 -0.0001
25.6016	 -0.0016	 -0.0004
25.6094	 -0.0017	 -0.0005
25.6172	 -0.0018	 -0.0007
25.6250	 -0.0019	 -0.0009
25.6328	 -0.0019	 -0.0010
25.6406	 -0.0019	 -0.0011
25.6484	 -0.0019	 -0.0011
25.6562	 -0.0020	 -0.0011
25.6641	 -0.0019	 -0.0011
25.6719	 -0.0019	 -0.0011
25.6797	 -0.0019	 -0.0010
25.6875	 -0.0018	 -0.0010
25.6953	 -0.0018	 -0.0009
25.7031	 -0.0017	 -0.0008
25.7109	 -0.0017	 -0.0006
25.7188	 -0.0016	 -0.0005
25.7266	 -0.0015	 -0.0003
25.7344	 -0.0014	 -0.0001
25.7422	 -0.0013	  0.0000
25.7500	 -0.0012	  0.0002
25.7578	 -0.0011	  0.0004
25.7656	 -0.0010	  0.0006
25.7734	 -0.0010	  0.0008
25.7812	 -0.0009	  0.0010
25.7891	 -0.0008	  0.0012
25.7969	 -0.0008	  0.0014
25.8047	 -0.0008	  0.0015
25.8125	 -0.0008	  0.0016
25.8203	 -0.0008	  0.0017
25.8281	 -0.0008	  0.0017
25.8359	 -0.0009	  0.0018
25.8438	 -0.0010	  0.0018
25.8516	 -0.0011	  0.0018
25.8594	 -0.0013	  0.0017
25.8672	 -0.0014	  0.0017
25.8750	 -0.0016	  0.0016
25.8828	 -0.0018	  0.0016
25.8906	 -0.0020	  0.0015
25.8984	 -0.0023	  0.0014
25.9062	 -0.0025	  0.0013
25.9141	 -0.0027	  0.0012
25.9219	 -0.0029	  0.0011
25.9297	 -0.0032	  0.0010
25.9375	 -0.0034	  0.0009
25.9453	 -0.0035	  0.0008
25.9531	 -0.0037	  0.0008
25.9609	 -0.0039	  0.0007
25.9688	 -0.0040	  0.0006
25.9766	 -0.0041	  0.0005
25.9844	 -0.0041	  0.0004
25.9922	 -0.0042	  0.0004
26.0000	 -0.0041	  0.0003
26.0078	 -0.0041	  0.0002
26.0156	 -0.0040	  0.0002
26.0234	 -0.0039	  0.0002
26.0312	 -0.0038	  0.0002
26.0391	 -0.0036	  0.0002
26.0469	 -0.0034	  0.0003
26.0547	 -0.0032	  0.0003
26.0625	 -0.0030	  0.0004
26.0703	 -0.0027	  0.0005
26.0781	 -0.0025	  0.0006
26.0859	 -0.0022	  0.0007
26.0938	 -0.0020	  0.0008
26.1016	 -0.0017	  0.0009
26.1094	 -0.0015	  0.0010
26.1172	 -0.0012	  0.0011
26.1250	 -0.0010	  0.0013
26.1328	 -0.0008	  0.0014
26.1406	 -0.0006	  0.0014
26.1484	 -0.0003	  0.0015
26.1562	 -0.0001	  0.0016
26.1641	  0.0001	  0.0017
26.1719	  0.0003	  0.0018
26.1797	  0.0005	  0.0018
26.1875	  0.0007	  0.0019
26.1953	  0.0009	  0.0020
26.2031	  0.0011	  0.0020
26.2109	  0.0014	  0.0020
26.2188	  0.0016	  0.0021
26.2266	  0.0019	  0.0021
26.2344	  0.0022	  0.0021
26.2422	  0.0025	  0.0021
26.2500	  0.0028	  0.0020
26.2578	  0.0031	  0.0020
26.2656	  0.0034	  0.0019
26.2734	  0.0037	  0.0019
26.2812	  0.0040	  0.0018
26.2891	  0.0043	  0.0017
26.2969	  0.0046	  0.0016
26.3047	  0.0049	  0.0015
26.3125	  0.0052	  0.0014
26.3203	  0.0054	  0.0013
26.3281	  0.0056	  0.0012
26.3359	  0.0058	  0.0012
26.3438	  0.0060	  0.0011
26.3516	  0.0061	  0.0011
26.3594	  0.0063	  0.0010
26.3672	  0.0063	  0.0010
26.3750	  0.0064	  0.0010
26.3828	  0.0064	  0.0010
26.3906	  0.0063	  0.0011
26.3984	  0.0063	  0.0011
26.4062	  0.0062	  0.0012
26.4141	  0.0060	  0.0013
26.4219	  0.0058	  0.0014
26.4297	  0.0056	  0.0015
26.4375	  0.0054	  0.0016
26.4453	  0.0051	  0.0018
26.4531	  0.0048	  0.0019
26.4609	  0.0044	  0.0021
26.4688	  0.0041	  0.0023
26.4766	  0.0037	  0.0025
26.4844	  0.0033	  0.0027
26.4922	  0.0029	  0.0030
26.5000	  0.0025	  0.0032
26.5078	  0.0021	  0.0034
26.5156	  0.0017	  0.0036
26.5234	  0.0013	  0.0038
26.5312	  0.0009	  0.0039
26.5391	  0.0005	  0.0041
26.5469	  0.0002	  0.0042
26.5547	 -0.0002	  0.0043
26.5625	 -0.0005	  0.0043
26.5703	 -0.0008	  0.0043
26.5781	 -0.0010	  0.0043
26.5859	 -0.0013	  0.0042
26.5938	 -0.0015	  0.0041
26.6016	 -0.0017	  0.0040
26.6094	 -0.0019	  0.0038
26.6172	 -0.0020	  0.0037
26.6250	 -0.0021	  0.0035
26.6328	 -0.0023	  0.0033
26.6406	 -0.0023	  0.0031
26.6484	 -0.0024	  0.0029
26.6562	 -0.0025	  0.0027
26.6641	 -0.0025	  0.0026
26.6719	 -0.0025	  0.0024
26.6797	 -0.0025	  0.0022
26.6875	 -0.0024	  0.0020
26.6953	 -0.0023	  0.0019
26.7031	 -0.0022	  0.0018
26.7109	 -0.0021	  0.0017
26.7188	 -0.0019	  0.0016
26.7266	 -0.0018	  0.0015
26.7344	 -0.0016	  0.0015
26.7422	 -0.0014	  0.0016
26.7500	 -0.0011	  0.0016
26.7578	 -0.0009	  0.0017
26.7656	 -0.0006	  0.0018
26.7734	 -0.0004	  0.0020
26.7812	 -0.0001	  0.0022
26.7891	  0.0002	  0.0023
26.7969	  0.0004	  0.0025
26.8047	  0.0007	  0.0027
26.8125	  0.0010	  0.0029
26.8203	  0.0013	  0.0031
26.8281	  0.0015	  0.0033
26.8359	  0.0018	  0.0034
26.8438	  0.0020	  0.0036
26.8516	  0.0022	  0.0037
26.8594	  0.0024	  0.0038
26.8672	  0.0026	  0.0038
26.8750	  0.0028	  0.0039
26.8828	  0.0029	  0.0039
26.8906	  0.0029	  0.0039
26.8984	  0.0030	  0.0039
26.9062	  0.0030	  0.0038
26.9141	  0.0029	  0.0038
26.9219	  0.0028	  0.0037
26.9297	  0.0027	  0.0036
26.9375	  0.0025	  0.0035
26.9453	  0.0023	  0.0034
26.9531	  0.0020	  0.0032
26.9609	  0.0017	  0.0031
26.9688	  0.0014	  0.0029
26.9766	  0.0011	  0.0028
26.9844	  0.0007	  0.0026
26.9922	  0.0004	  0.0025
27.0000	  0.0000	  0.0023
27.0078	 -0.0004	  0.0022
27.0156	 -0.0007	  0.0020
27.0234	 -0.0011	  0.0019
27.0312	 -0.0014	  0.0018
27.0391	 -0.0017	  0.0017
27.0469	 -0.0020	  0.0017
27.0547	 -0.0023	  0.0016
27.0625	 -0.0025	  0.0016
27.0703	 -0.0027	  0.0016
27.0781	 -0.0029	  0.0015
27.0859	 -0.0031	  0.0016
27.0938	 -0.0032	  0.0016
27.1016	 -0.0033	  0.0016
27.1094	 -0.0034	  0.0016
27.1172	 -0.0035	  0.0017
27.1250	 -0.0036	  0.0017
27.1328	 -0.0036	  0.0018
27.1406	 -0.0036	  0.0018
27.1484	 -0.0036	  0.0018
27.1562	 -0.0036	  0.0019
27.1641	 -0.0035	  0.0020
27.1719	 -0.0035	  0.0020
27.1797	 -0.0034	  0.0021
27.1875	 -0.0033	  0.0022
27.1953	 -0.0032	  0.0023
27.2031	 -0.0030	  0.0023
27.2109	 -0.0028	  0.0024
27.2188	 -0.0027	  0.0025
27.2266	 -0.0025	  0.0026
27.2344	 -0.0023	  0.0027
27.2422	 -0.0021	  0.0028
27.2500	 -0.0019	  0.0028
27.2578	 -0.0016	  0.0029
27.2656	 -0.0014	  0.0030
27.2734	 -0.0011	  0.0030
27.2812	 -0.0009	  0.0030
27.2891	 -0.0007	  0.0031
27.2969	 -0.0004	  0.0031
27.3047	 -0.0002	  0.0031
27.3125	  0.0001	  0.0031
27.3203	  0.0003	  0.0030
27.3281	  0.0006	  0.0030
27.3359	  0.0008	  0.0030
27.3438	  0.0010	  0.0029
27.3516	  0.0012	  0.0029
27.3594	  0.0014	  0.0028
27.3672	  0.0016	  0.0027
27.3750	  0.0018	  0.0026
27.3828	  0.0019	  0.0025
27.3906	  0.0021	  0.0024
27.3984	  0.0023	  0.0023
27.4062	  0.0024	  0.0022
27.4141	  0.0026	  0.0021
27.4219	  0.0027	  0.0019
27.4297	  0.0029	  0.0018
27.4375	  0.0030	  0.0017
27.4453	  0.0031	  0.0015
27.4531	  0.0033	  0.0014
27.4609	  0.0034	  0.0013
27.4688	  0.0036	  0.0012
27.4766	  0.0037	  0.0011
27.4844	  0.0039	  0.0010
27.4922	  0.0040	  0.0010
27.5000	  0.0041	  0.0009
27.5078	  0.0043	  0.0009
27.5156	  0.0044	  0.0009
27.5234	  0.0045	  0.0009
27.5312	  0.0046	  0.0010
27.5391	  0.0046	  0.0010
27.5469	  0.0047	  0.0011
27.5547	  0.0046	  0.0012
27.5625	  0.0046	  0.0013
27.5703	  0.0045	  0.0014
27.5781	  0.0044	  0.0015
27.5859	  0.0042	  0.0016
27.5938	  0.0039	  0.0017
27.6016	  0.0037	  0.0018
27.6094	  0.0033	  0.0019
27.6172	  0.0030	  0.0020
27.6250	  0.0026	  0.0021
27.6328	  0.0022	  0.0023
27.6406	  0.0017	  0.0023
27.6484	  0.0012	  0.0024
27.6562	  0.0007	  0.0025
27.6641	  0.0002	  0.0025
27.6719	 -0.0003	  0.0026
27.6797	 -0.0008	  0.0026
27.6875	 -0.0013	  0.0026
27.6953	 -0.0017	  0.0025
27.7031	 -0.0022	  0.0024
27.7109	 -0.0026	  0.0023
27.7188	 -0.0029	  0.0022
27.7266	 -0.0033	  0.0020
27.7344	 -0.0035	  0.0018
27.7422	 -0.0038	  0.0016
27.7500	 -0.0039	  0.0014
27.7578	 -0.0040	  0.0012
27.7656	 -0.0041	  0.0010
27.7734	 -0.0041	  0.0008
27.7812	 -0.0040	  0.0005
27.7891	 -0.0038	  0.0003
27.7969	 -0.0036	  0.0001
27.8047	 -0.0034	 -0.0001
27.8125	 -0.0031	 -0.0003
27.8203	 -0.0027	 -0.0005
27.8281	 -0.0023	 -0.0006
27.8359	 -0.0018	 -0.0007
27.8438	 -0.0013	 -0.0008
27.8516	 -0.0008	 -0.0009
27.8594	 -0.0002	 -0.0010
27.8672	  0.0004	 -0.0010
27.8750	  0.0011	 -0.0010
27.8828	  0.0017	 -0.0010
27.8906	  0.0023	 -0.0009
27.8984	  0.0030	 -0.0009
27.9062	  0.0036	 -0.0008
27.9141	  0.0042	 -0.0006
27.9219	  0.0047	 -0.0005
27.9297	  0.0053	 -0.0003
27.9375	  0.0058	 -0.0002
27.9453	  0.0062	  0.0000
27.9531	  0.0066	  0.0002
27.9609	  0.0069	  0.0004
27.9688	  0.0071	  0.0007
27.9766	  0.0073	  0.0009
27.9844	  0.0074	  0.0011
27.9922	  0.0074	  0.0012
28.0000	  0.0074	  0.0014
28.0078	  0.0073	  0.0016
28.0156	  0.0071	  0.0017
28.0234	  0.0069	  0.0018
28.0312	  0.0066	  0.0019
28.0391	  0.0063	  0.0019
28.0469	  0.0060	  0.0020
28.0547	  0.0057	  0.0020
28.0625	  0.0053	  0.0020
28.0703	  0.0049	  0.0019
28.0781	  0.0045	  0.0019
28.0859	  0.0040	  0.0018
28.0938	  0.0036	  0.0017
28.1016	  0.0032	  0.0016
28.1094	  0.0028	  0.0015
28.1172	  0.0023	  0.0014
28.1250	  0.0019	  0.0013
28.1328	  0.0015	  0.0011
28.1406	  0.0011	  0.0010
28.1484	  0.0007	  0.0008
28.1562	  0.0003	  0.0007
28.1641	 -0.0001	  0.0005
28.1719	 -0.0005	  0.0003
28.1797	 -0.0009	  0.0002
28.1875	 -0.0012	  0.0000
28.1953	 -0.0016	 -0.0001
28.2031	 -0.0020	 -0.0002
28.2109	 -0.0023	 -0.0003
28.2188	 -0.0026	 -0.0004
28.2266	 -0.0030	 -0.0005
28.2344	 -0.0033	 -0.0005
28.2422	 -0.0036	 -0.0006
28.2500	 -0.0039	 -0.0006
28.2578	 -0.0042	 -0.0006
28.2656	 -0.0045	 -0.0005
28.2734	 -0.0047	 -0.0005
28.2812	 -0.0050	 -0.0004
28.2891	 -0.0052	 -0.0003
28.2969	 -0.0054	 -0.0003
28.3047	 -0.0057	 -0.0002
28.3125	 -0.0058	 -0.0001
28.3203	 -0.0060	  0.0001
28.3281	 -0.0062	  0.0002
28.3359	 -0.0063	  0.0003
28.3438	 -0.0064	  0.0004
28.3516	 -0.0065	  0.0005
28.3594	 -0.0066	  0.0006
28.3672	 -0.0067	  0.0008
28.3750	 -0.0067	  0.0009
28.3828	 -0.0067	  0.0010
28.3906	 -0.0066	  0.0011
28.3984	 -0.0065	  0.0012
28.4062	 -0.0064	  0.0012
28.4141	 -0.0063	  0.0013
28.4219	 -0.0061	  0.0014
28.4297	 -0.0059	  0.0014
28.4375	 -0.0056	  0.0014
28.4453	 -0.0053	  0.0014
28.4531	 -0.0050	  0.0014
28.4609	 -0.0046	  0.0014
28.4688	 -0.0042	  0.0013
28.4766	 -0.0037	  0.0013
28.4844	 -0.0032	  0.0012
28.4922	 -0.0027	  0.0011
28.5000	 -0.0021	  0.0010
28.5078	 -0.0015	  0.0009
28.5156	 -0.0009	  0.0008
28.5234	 -0.0003	  0.0006
28.5312	  0.0004	  0.0005
28.5391	  0.0011	  0.0004
28.5469	  0.0018	  0.0002
28.5547	  0.0025	  0.0001
28.5625	  0.0032	 -0.0000
28.5703	  0.0039	 -0.0002
28.5781	  0.0046	 -0.0003
28.5859	  0.0052	 -0.0004
28.5938	  0.0058	 -0.0005
28.6016	  0.0064	 -0.0006
28.6094	  0.0069	 -0.0008
28.6172	  0.0073	 -0.0009
28.6250	  0.0076	 -0.0010
28.6328	  0.0078	 -0.0011
28.6406	  0.0080	 -0.0012
28.6484	  0.0080	 -0.0012
28.6562	  0.0079	 -0.0013
28.6641	  0.0077	 -0.0013
28.6719	  0.0075	 -0.0013
28.6797	  0.0071	 -0.0013
28.6875	  0.0066	 -0.0013
28.6953	  0.0060	 -0.0012
28.7031	  0.0054	 -0.0012
28.7109	  0.0048	 -0.0011
28.7188	  0.0041	 -0.0010
28.7266	  0.0034	 -0.0009
28.7344	  0.0027	 -0.0007
28.7422	  0.0020	 -0.0006
28.7500	  0.0013	 -0.0005
28.7578	  0.0007	 -0.0004
28.7656	  0.0000	 -0.0002
28.7734	 -0.0005	 -0.0001
28.7812	 -0.0011	  0.0001
28.7891	 -0.0016	  0.0002
28.7969	 -0.0020	  0.0003
28.8047	 -0.0024	  0.0004
28.8125	 -0.0027	  0.0006
28.8203	 -0.0030	  0.0007
28.8281	 -0.0032	  0.0008
28.8359	 -0.0034	  0.0009
28.8438	 -0.0035	  0.0009
28.8516	 -0.0036	  0.0010
28.8594	 -0.0035	  0.0010
28.8672	 -0.0035	  0.0011
28.8750	 -0.0033	  0.0011
28.8828	 -0.0032	  0.0011
28.8906	 -0.0029	  0.0010
28.8984	 -0.0027	  0.0010
28.9062	 -0.0023	  0.0009
28.9141	 -0.0020	  0.0008
28.9219	 -0.0016	  0.0007
28.9297	 -0.0011	  0.0006
28.9375	 -0.0007	  0.0004
28.9453	 -0.0002	  0.0003
28.9531	  0.0002	  0.0001
28.9609	  0.0007	 -0.0000
28.9688	  0.0012	 -0.0002
28.9766	  0.0017	 -0.0004
28.9844	  0.0021	 -0.0005
28.9922	  0.0025	 -0.0006
29.0000	  0.0029	 -0.0008
29.0078	  0.0033	 -0.0009
29.0156	  0.0036	 -0.0010
29.0234	  0.0038	 -0.0011
29.0312	  0.0041	 -0.0011
29.0391	  0.0042	 -0.0012
29.0469	  0.0044	 -0.0012
29.0547	  0.0045	 -0.0013
29.0625	  0.0046	 -0.0013
29.0703	  0.0047	 -0.0013
29.0781	  0.0047	 -0.0013
29.0859	  0.0047	 -0.0013
29.0938	  0.0047	 -0.0012
29.1016	  0.0046	 -0.0012
29.1094	  0.0046	 -0.0011
29.1172	  0.0044	 -0.0010
29.1250	  0.0043	 -0.0009
29.1328	  0.0041	 -0.0008
29.1406	  0.0039	 -0.0007
29.1484	  0.0036	 -0.0005
29.1562	  0.0033	 -0.0003
29.1641	  0.0030	 -0.0002
29.1719	  0.0027	  0.0000
29.1797	  0.0024	  0.0002
29.1875	  0.0020	  0.0004
29.1953	  0.0016	  0.0006
29.2031	  0.0013	  0.0008
29.2109	  0.0009	  0.0009
29.2188	  0.0005	  0.0011
29.2266	  0.0002	  0.0012
29.2344	 -0.0002	  0.0013
29.2422	 -0.0006	  0.0014
29.2500	 -0.0009	  0.0015
29.2578	 -0.0012	  0.0015
29.2656	 -0.0015	  0.0016
29.2734	 -0.0018	  0.0016
29.2812	 -0.0021	  0.0017
29.2891	 -0.0024	  0.0017
29.2969	 -0.0027	  0.0017
29.3047	 -0.0029	  0.0016
29.3125	 -0.0032	  0.0016
29.3203	 -0.0034	  0.0015
29.3281	 -0.0036	  0.0014
29.3359	 -0.0038	  0.0013
29.3438	 -0.0040	  0.0012
29.3516	 -0.0041	  0.0010
29.3594	 -0.0042	  0.0008
29.3672	 -0.0044	  0.0006
29.3750	 -0.0045	  0.0004
29.3828	 -0.0046	  0.0002
29.3906	 -0.0046	  0.0000
29.3984	 -0.0047	 -0.0002
29.4062	 -0.0047	 -0.0004
29.4141	 -0.0048	 -0.0006
29.4219	 -0.0048	 -0.0008
29.4297	 -0.0048	 -0.0010
29.4375	 -0.0048	 -0.0011
29.4453	 -0.0047	 -0.0012
29.4531	 -0.0047	 -0.0013
29.4609	 -0.0047	 -0.0014
29.4688	 -0.0046	 -0.0014
29.4766	 -0.0046	 -0.0014
29.4844	 -0.0045	 -0.0014
29.4922	 -0.0044	 -0.0013
29.5000	 -0.0044	 -0.0013
29.5078	 -0.0043	 -0.0012
29.5156	 -0.0042	 -0.0011
29.5234	 -0.0041	 -0.0011
29.5312	 -0.0040	 -0.0010
29.5391	 -0.0039	 -0.0009
29.5469	 -0.0038	 -0.0008
29.5547	 -0.0037	 -0.0006
29.5625	 -0.0036	 -0.0005
29.5703	 -0.0035	 -0.0004
29.5781	 -0.0033	 -0.0003
29.5859	 -0.0032	 -0.0002
29.5938	 -0.0030	 -0.0000
29.6016	 -0.0028	  0.0001
29.6094	 -0.0026	  0.0002
29.6172	 -0.0025	  0.0003
29.6250	 -0.0023	  0.0004
29.6328	 -0.0021	  0.0004
29.6406	 -0.0019	  0.0005
29.6484	 -0.0017	  0.0005
29.6562	 -0.0015	  0.0005
29.6641	 -0.0013	  0.0005
29.6719	 -0.0011	  0.0005
29.6797	 -0.0009	  0.0004
29.6875	 -0.0008	  0.0003
29.6953	 -0.0006	  0.0002
29.7031	 -0.0005	  0.0001
29.7109	 -0.0004	  0.0000
29.7188	 -0.0003	 -0.0001
29.7266	 -0.0002	 -0.0001
29.7344	 -0.0001	 -0.0002
29.7422	 -0.0000	 -0.0003
29.7500	  0.0000	 -0.0004
29.7578	  0.0001	 -0.0004
29.7656	  0.0001	 -0.0005
29.7734	  0.0001	 -0.0005
29.7812	  0.0001	 -0.0005
29.7891	  0.0001	 -0.0006
29.7969	  0.0001	 -0.0006
29.8047	  0.0001	 -0.0007
29.8125	  0.0001	 -0.0007
29.8203	  0.0001	 -0.0008
29.8281	  0.0000	 -0.0009
29.8359	  0.0000	 -0.0009
29.8438	 -0.0000	 -0.0010
29.8516	 -0.0001	 -0.0010
29.8594	 -0.0001	 -0.0011
29.8672	 -0.0001	 -0.0011
29.8750	 -0.0002	 -0.0012
29.8828	 -0.0002	 -0.0012
29.8906	 -0.0002	 -0.0012
29.8984	 -0.0003	 -0.0011
29.9062	 -0.0003	 -0.0011
29.9141	 -0.0003	 -0.0010
29.9219	 -0.0003	 -0.0010
29.9297	 -0.0003	 -0.0009
29.9375	 -0.0003	 -0.0008
29.9453	 -0.0003	 -0.0008
29.9531	 -0.0002	 -0.0007
29.9609	 -0.0002	 -0.0006
29.9688	 -0.0002	 -0.0005
29.9766	 -0.0001	 -0.0004
29.9844	 -0.0001	 -0.0003
29.9922	 -0.0001	 -0.0002
